data/Heterogeneo/norestedecolemu/elevation.asc
ncols 80
nrows 80
xllcorner 694670.6875
yllcorner 5969804.5
cellsize 100.021875
NODATA_value -9999                                                                              
[rows 21 to 41 of 80, columns 0 to 47 of 80]
147.012664794922 153.301071166992 155.797470092773 154.227844238281 178.316452026367 186.797470092773 201.683547973633 206 205.555206298828 201.335037231445 206.707901000977 201.856750488281 195.303802490234 184.036697387695 193.373336791992 195.354431152344 220.725036621094 213.388244628906 214.202529907227 204.670883178711 158.837371826172 119.996955871582 71.8940887451172 53.5069694519043 53.2025299072266 53.2025299072266 54.1999664306641 58.3441772460938 127.987182617188 154.286331176758 153.256042480469 151.569625854492 150.849548339844 138.898727416992 139.008331298828 136.6396484375 116.555358886719 120.417724609375 166.153015136719 239.04182434082 231.44303894043 273.6708984375 297.069366455078 312.075958251953 323.095336914063 342.058959960938 345.125305175781 359.949371337891
124.822784423828 129.898574829102 132.27864074707 149.139724731445 168.138916015625 177.867492675781 200.139236450195 206 196.911392211914 189.095657348633 193.202529907227 188.240509033203 170.708862304688 156.670883178711 156.820541381836 157.488540649414 194.078506469727 204.868453979492 209.16455078125 198.886077880859 157.251556396484 105.797470092773 57.481014251709 51.8942489624023 52 53.7848091125488 66.7910614013672 82.3416137695313 145.417724609375 183.160552978516 195.913803100586 203.387435913086 189.832885742188 194.059600830078 191.827270507813 166.860763549805 131.531646728516 134.297073364258 173.822784423828 225.962020874023 216.569625854492 248 283.826141357422 305.794586181641 317.312927246094 350.921325683594 357.370788574219 360.16455078125
87.6455688476563 90.1169662475586 100.689636230469 144.139236450195 158.27848815918 175.949371337891 195.291137695313 200.582275390625 163.735137939453 156.285858154297 166.645568847656 168.924057006836 148.423324584961 134.847305297852 118.941352844238 127.168403625488 173.291137695313 193.005767822266 194.075942993164 187.493667602539 157.068420410156 118.317092895508 70.8652496337891 54.1105575561523 53.077392578125 55.8987350463867 80.9224472045898 94.8892822265625 116.416442871094 144.152053833008 173.914123535156 218.565612792969 203.405059814453 206.905456542969 199.379745483398 151.493667602539 130.953536987305 146.720230102539 196.656463623047 214.830642700195 198.769744873047 236.569625854492 273.27783203125 295.924041748047 316.991027832031 341.342895507813 343.759490966797 345.229766845703
42.7974700927734 50.3291130065918 95.0751495361328 137.96955871582 144.960418701172 175.312286376953 188.02018737793 177.871658325195 137.416122436523 118.815093994141 138.518981933594 142.897766113281 100.98974609375 81.286491394043 101.377662658691 138.025314331055 165.80387878418 168.297714233398 157.956573486328 156.087966918945 154.831436157227 130.822784423828 73.417724609375 53.5569610595703 55 55.0334892272949 68.3924026489258 82.1831436157227 126.120971679688 125.941993713379 129.213592529297 166.746841430664 180.847946166992 194.302673339844 209.493194580078 164.506332397461 146.605834960938 179.331359863281 182.939270019531 190.045989990234 182.345138549805 208.543014526367 239.413558959961 285.918609619141 312.278472900391 334.733703613281 319.696197509766 335.639312744141
27 26.1664791107178 58.4584197998047 88.5765075683594 93.417724609375 124.734176635742 132.521224975586 140.516586303711 123.141967773438 97.6202545166016 115.151901245117 118.74683380127 63.5867652893066 54.4683532714844 100.86075592041 141.59846496582 145.645568847656 142.736267089844 110.155265808105 127.407943725586 141.051116943359 128.833038330078 60.3037986755371 52.8227844238281 54.9113922119141 55 53.049991607666 71.6848297119141 142.939758300781 167.534042358398 152.842498779297 142.23681640625 166.037979125977 195.696365356445 234.240509033203 189.734176635742 169.903854370117 188.452651977539 167.769271850586 180.44303894043 190.239547729492 188.853866577148 197.074661254883 239.429580688477 281.426361083984 283.525238037109 299.721984863281 325.746826171875
28 28 27.0019226074219 37.3052406311035 40.0905303955078 49.5364532470703 51.3164558410645 106.743469238281 97.9493637084961 71.7131881713867 71.9463195800781 78.3364868164063 47.9056243896484 43.0631294250488 64.4750823974609 89.3869552612305 81.7088623046875 101.46915435791 72.6795349121094 103.35090637207 128.284576416016 118.478446960449 72.5737838745117 56.2389030456543 55 55 52.0126571655273 58.2538070678711 116.974685668945 167.973403930664 189.101272583008 160.518981933594 191.790252685547 210.287933349609 260.625549316406 227.215194702148 205.101272583008 199.838165283203 179.676498413086 186.785293579102 230.429901123047 222.292587280273 178.43278503418 187.620254516602 235.42204284668 218.545913696289 245.740432739258 275.081390380859
26 27 28 28 28 28.0253162384033 27.7226409912109 58.486141204834 67.858512878418 46.1392402648926 34.5696220397949 39.3058815002441 31.0748271942139 29 27.0253162384033 37.4792518615723 28.407787322998 48.9673118591309 42.4649887084961 53.7609367370605 99.9873428344727 81.1087951660156 65.2616577148438 53.2214393615723 54.9977569580078 55 51.0129776000977 57.1778564453125 102.784812927246 154.749404907227 210.459228515625 174.037979125977 216.258605957031 235.594940185547 290.341766357422 277.645568847656 244.050628662109 238.326705932617 201.65966796875 199.444000244141 255.100784301758 243.634353637695 179.430374145508 188.696197509766 225.329116821289 205.352340698242 216.424133300781 232.674575805664
26.0632915496826 27 28 28 28.0632915496826 28 29.7232818603516 28.0632915496826 38.9873428344727 30.8913631439209 29 29 29 28 29 29 29 28.0632915496826 28.0632915496826 29.4606628417969 49.4202842712402 53.1768951416016 45.3291130065918 47.6915550231934 52.8481025695801 53.8354415893555 64.4169235229492 70.8639678955078 142.02131652832 183.221282958984 229.55696105957 197.506332397461 244.101272583008 272.832092285156 305.810119628906 303.416931152344 279.924041748047 268.114898681641 266.395141601563 246.103668212891 266.516571044922 258.351715087891 200.734817504883 184.147735595703 214.662719726563 211.634033203125 240.316452026367 229.063293457031
28.1012649536133 28.1012649536133 26.1012649536133 26.1128025054932 27.1012649536133 27.2719116210938 28 29 29.1012649536133 28 28 28 28 28.1012649536133 29 29 29 29.6455688476563 34.9552955627441 30.3066806793213 33.5822792053223 47.2103843688965 46.2491569519043 47.974681854248 53.0126571655273 54.9038619995117 90.6050338745117 110.488540649414 180.468353271484 210.144683837891 259.180084228516 248.235214233398 267.757415771484 269.379425048828 292.586456298828 306.349792480469 318.277679443359 307.626831054688 307.044860839844 308.162628173828 302.981567382813 273.645568847656 239.089080810547 215.162948608398 201.792816162109 216.578109741211 266.252532958984 252.882553100586
41.974681854248 41.0126571655273 49.9958343505859 65.8798294067383 70.4598617553711 48.1738510131836 30.7910594940186 28.1392402648926 29 28 28 28 28.1392402648926 28.1392402648926 26.2044544219971 26.1392402648926 25.8314380645752 40.4177207946777 47.461784362793 37.974681854248 41.6582260131836 48.1869888305664 51.1139259338379 53.0126571655273 55.8227844238281 72.4162826538086 131.365325927734 146.03092956543 179.379745483398 207.389526367188 265.278472900391 282.441741943359 291.004638671875 268.582275390625 280.845550537109 307.303802490234 330.594940185547 329.758361816406 320.216796875 331.341766357422 327.621856689453 302.468353271484 282.727294921875 277.416748046875 239.374938964844 229.157028198242 286.780334472656 303.501678466797
84.6582260131836 92.1780166625977 116.733375549316 121.243232727051 110.06169128418 71.1559066772461 46.6479721069336 53.6582260131836 45.522029876709 29.7269668579102 28.1772155761719 28.1772155761719 29.072904586792 54.3130912780762 81.8396072387695 89.7088623046875 96.6708831787109 84.6811370849609 69.8227844238281 49.8227844238281 48.4257316589355 65.5970230102539 67.2570114135742 56.2755966186523 55.7498779296875 69.4230117797852 127.52123260498 157.059600830078 195.277038574219 222.177215576172 268.037963867188 287.563537597656 306.215362548828 297.779052734375 294.302825927734 306.974670410156 329.734191894531 330.405059814453 333.078521728516 332.788177490234 332.221923828125 341.215179443359 317.400909423828 303.846343994141 286.56689453125 249.594940185547 286.203643798828 323.910583496094
137.367095947266 136.958343505859 148.430374145508 147.238906860352 124.291137695313 82.9211654663086 58 85.7280883789063 72.3797454833984 58.6305084228516 45.500560760498 42.5063285827637 42.5348510742188 64.2635803222656 112.304275512695 159.523635864258 157.915725708008 111.037971496582 83.1977233886719 82.4624252319336 81.5569610595703 105.582275390625 107.240509033203 59.2209587097168 54.9809341430664 57.0126571655273 103.838165283203 142.735946655273 180.416763305664 209.325592041016 268.42236328125 288.063446044922 306.430389404297 312.839294433594 312.999359130859 320.207672119141 329.503295898438 330 332.227844238281 336 339.609832763672 353.562896728516 342.762390136719 328.145324707031 297.177215576172 274.875335693359 308.569610595703 330.37109375
156.746841430664 150.477966308594 149.740264892578 149.265823364258 138.380233764648 101.668319702148 72.2278518676758 121.227851867676 125.037971496582 99.7130279541016 73.0961380004883 80.2911376953125 82.8354415893555 71.3940048217773 100.69620513916 183.131546020508 171.542373657227 123.417724609375 96.4050598144531 116.752281188965 145.280883789063 145.8759765625 117.168243408203 60.1071929931641 54.9113922119141 56.8481025695801 90.3829498291016 101.02515411377 111.300430297852 126.417404174805 199.830001831055 255.324462890625 302.924041748047 297.481018066406 313.713348388672 322.045349121094 334.206848144531 334.594940185547 331.746826171875 334.587097167969 344.556976318359 354.556976318359 356.341766357422 352.316131591797 328.511627197266 314.693969726563 344.823577880859 349.991180419922
150.708862304688 166.504730224609 158.063293457031 156.230895996094 157.67073059082 138.974685668945 101.968597412109 143.669448852539 168.645416259766 127.403297424316 96.6582260131836 127.248199462891 122.171127319336 85.8227844238281 101.911392211914 179.492385864258 194.189239501953 149.479095458984 134.692672729492 156.346893310547 189.874221801758 144.236175537109 104.597663879395 58.0495109558105 53.9113922119141 54.9641075134277 64.5063323974609 77.2985076904297 78.7272872924805 93.5571212768555 128.235382080078 203.227844238281 272.582916259766 252.487747192383 247.096298217773 240.799224853516 288.354431152344 290.932067871094 301.964416503906 319.38134765625 350.658233642578 354.685943603516 355 355 354.562408447266 348.873413085938 363.584533691406 371.087951660156
165.303802490234 178.367095947266 172.493667602539 173.252685546875 188.50569152832 175.722320556641 129.83544921875 159.406188964844 184.620254516602 176.223526000977 152.318054199219 165.549591064453 147.023391723633 99.1772155761719 113.306037902832 170.204940795898 200.822784423828 186.1337890625 184.316452026367 207.370132446289 215.506332397461 149.544296264648 119.455696105957 73.1555862426758 68.3037948608398 55.396411895752 68.2448348999023 90.941032409668 80.5614471435547 104.602951049805 109.278480529785 179.070495605469 208.764617919922 198.531646728516 172.824554443359 169.645568847656 222.911392211914 244.00080871582 294.291137695313 322.955627441406 354.715270996094 355 355 354.575378417969 355.891693115234 364.309234619141 375.481018066406 380
177.632904052734 180 180.075942993164 185.401214599609 202.303802490234 198.27864074707 153.83544921875 172.661911010742 197.060882568359 218.619125366211 213.671051025391 210.618804931641 201.496398925781 170.016662597656 187.070663452148 207.03092956543 231.810119628906 235.405059814453 235.888320922852 251.027236938477 242.974365234375 173.719909667969 129.379745483398 94.3627624511719 93.5696182250977 85.80419921875 94.873420715332 130.746841430664 109.53581237793 104.265823364258 110.164558410645 162.654708862305 148.667846679688 148.02131652832 140.302352905273 160.558090209961 219.873413085938 252.269027709961 322.075958251953 347.254455566406 355.328460693359 355.795532226563 356.218383789063 362.966522216797 370.544311523438 375.810119628906 380.746826171875 384.518981933594
178.405059814453 180.015380859375 185.41227722168 197.510818481445 203.55696105957 207.88703918457 193.728897094727 193.120010375977 203.779205322266 219.151901245117 225.16455078125 227.189880371094 230.594940185547 223.620254516602 231.227523803711 249.195648193359 262.791870117188 271.054962158203 272.025329589844 275.049499511719 269.843139648438 227.082992553711 191.119857788086 179.063293457031 135.242752075195 108.86075592041 149.756774902344 167.845703125 157.291137695313 118.247077941895 104.304916381836 122.042297363281 127.492225646973 127.151901245117 131.678894042969 173.378952026367 221.927093505859 289.962493896484 332.516754150391 349.227844238281 353.346740722656 343.126586914063 358.456665039063 376.857543945313 381 380.708862304688 383.405059814453 387.569610595703
180 180.037979125977 189.227844238281 198.341766357422 206.594940185547 211.44303894043 209.113922119141 218.155746459961 207.83544921875 221.037979125977 226.265823364258 240.539489746094 245.355072021484 245.658233642578 238.536605834961 255.900329589844 259.6708984375 264.346893310547 271.594940185547 279.59814453125 286.982055664063 286.504089355469 263.933654785156 246.904174804688 200.732894897461 140.231857299805 166.644134521484 222.666564941406 221.848098754883 177.298034667969 163.178817749023 135.410034179688 144.842178344727 159.18635559082 175.777603149414 196.930145263672 229.913314819336 307.400573730469 318.867156982422 336.6708984375 336.014739990234 320.569610595703 358.126586914063 371.110076904297 367.980773925781 381.103668212891 382.113922119141 383.113922119141
180 179.075942993164 195.746841430664 202.075942993164 206.078826904297 211.610321044922 212.670883178711 227.150619506836 222.943603515625 228.658554077148 230.081390380859 252.088607788086 256.518981933594 255.506332397461 246.192443847656 253.620254516602 254.292266845703 268.13330078125 273.607604980469 279.298522949219 298.481018066406 305.413879394531 296.148681640625 272.065704345703 259.349792480469 189.988296508789 189.151901245117 268.16455078125 283.815246582031 237.634826660156 218.699890136719 186.148529052734 190.612075805664 242.194686889648 249.073547363281 222.398651123047 233.244354248047 256.76220703125 263.388244628906 301.614654541016 314.094207763672 312.149810791016 345.488708496094 361.380401611328 359.057037353516 369.100463867188 377.666076660156 367.276245117188
180 179.575225830078 193.670883178711 190.886077880859 201.936706542969 211.189880371094 216.708862304688 228.531646728516 224.139236450195 228.658386230469 229.379745483398 243.416122436523 239.886077880859 252.461791992188 252.263259887695 254.139236450195 269.136993408203 293.341766357422 296.113922119141 295.97998046875 304.528106689453 305.211334228516 319.028533935547 297.746826171875 294.333770751953 255.819900512695 241.203018188477 293.302368164063 304.812530517578 286.927886962891 277.025329589844 253.363723754883 243.483261108398 295.476196289063 284.568817138672 246.645568847656 243.150619506836 226.941680908203 230.044387817383 247.715911865234 256.658233642578 257.964111328125 269.594940185547 291.139251708984 293.715270996094 314.178009033203 349.909637451172 359.027557373047
180 180 182.919723510742 180 192.560974121094 205.265823364258 208.987014770508 212.924057006836 209.941360473633 226.190841674805 244.135559082031 249.41291809082 246.341766357422 253.544296264648 254.531646728516 268.810913085938 283.8134765625 303.582275390625 306.443023681641 308.556976318359 309.113922119141 312.708862304688 328.6708984375 322.524444580078 319.607604980469 283.876312255859 274.215179443359 304.036529541016 306.197082519531 320.126586914063 304.607604980469 280.832885742188 274.956085205078 303.506317138672 298.830627441406 286.183776855469 270.001922607422 259.394653320313 245.012664794922 241.187789916992 229.189880371094 243.012664794922 244.645568847656 252.113922119141 255.468353271484 284.147094726563 321.099517822266 361.373809814453
