data/Heterogeneo/norestedecolemu/elevation.asc
ncols 80
nrows 80
xllcorner 694670.6875
yllcorner 5969804.5
cellsize 100.021875
NODATA_value -9999                                                                              
[rows 42 to 62 of 80, columns 0 to 47 of 80]
180 180 178.670883178711 192.384231567383 199.531646728516 203.784805297852 204 203.594940185547 203.60758972168 225.442230224609 244.508255004883 254.307159423828 255.405059814453 254.787368774414 269.101257324219 282.559844970703 286.607604980469 292.881744384766 290.113922119141 307.403930664063 310.405059814453 314.525543212891 321.050628662109 329.798095703125 327.759490966797 282.455688476563 280.374633789063 304.025329589844 305.379760742188 329.060241699219 319.817016601563 296.215179443359 298.240509033203 320.6708984375 320.278472900391 313.518188476563 311.186676025391 295.949371337891 287.959777832031 284.042938232422 265.886077880859 284.807891845703 267.8359375 259.730987548828 286.353637695313 284.126586914063 308.148040771484 327.420593261719
175.367095947266 179.037979125977 192.440475463867 206.421569824219 205.848098754883 204.677139282227 217.992309570313 221.965713500977 222.101272583008 228.733062744141 233.493667602539 244.568176269531 257.544311523438 260.253173828125 278.126586914063 282.094696044922 282.734191894531 282.088592529297 280.367095947266 303.974670410156 306.886383056641 307.734191894531 308.465484619141 328.493682861328 328.842651367188 306.885284423828 305.316467285156 310.949371337891 321.947296142578 330.037170410156 329.897766113281 324.253173828125 323.306854248047 333.253173828125 333.526031494141 331.493682861328 333.531646728516 322.015869140625 322.16455078125 320.963317871094 315.304443359375 320.388549804688 308.183471679688 290.557769775391 300.441925048828 280.91845703125 290.915710449219 304.569610595703
183.683547973633 195.063293457031 203.771835327148 210.708374023438 205.696197509766 203.379745483398 226.012664794922 216.669769287109 212.811401367188 226.800354003906 230 233.240509033203 256.607604980469 262.822784423828 270.364837646484 271.128997802734 264.237945556641 277.815582275391 279.895843505859 287.326080322266 294.585479736328 303.994079589844 320.367095947266 329.790100097656 329.177215576172 310.552947998047 309.316467285156 308.012664794922 314.20703125 329.464996337891 330.045837402344 331.3291015625 330.473480224609 331.3291015625 332.911407470703 342 342.974670410156 338.145965576172 340.08203125 347.677124023438 348.025329589844 351.069854736328 361.594940185547 340.417724609375 328.441589355469 278.126586914063 286.070648193359 321.90625
191.708862304688 202.394012451172 208.7626953125 213.194686889648 220.050796508789 222.637557983398 214.003051757813 220.400741577148 222.050476074219 229.150131225586 231 229.83544921875 253.316452026367 257.873413085938 259.405059814453 258.998718261719 256.329437255859 278.415802001953 280 295.453277587891 315.956085205078 322.789123535156 329.787536621094 329.380859375 321.139251708984 306.151885986328 305 305 306.025329589844 329.202545166016 330.901306152344 330 330 330 332.079803466797 351.075958251953 350.974670410156 339.598937988281 339.268218994141 341.189880371094 354.063293457031 340.967468261719 348.20654296875 349.803070068359 349.008972167969 317.304931640625 330.411804199219 332.2158203125
191 203.113922119141 210.30989074707 213.227844238281 227.708862304688 231.410186767578 224.27848815918 214.615600585938 212.772155761719 213.518981933594 212.435501098633 227.506332397461 232.294021606445 232.025314331055 229.413070678711 237.341766357422 238.925979614258 246.265823364258 292.493499755859 305.372528076172 328.470764160156 315.924041748047 329.425079345703 330.126586914063 310.113922119141 305.290985107422 305 305 306.316467285156 327.848754882813 314.76220703125 329.3095703125 330 330 332.455688476563 354.911407470703 352.784820556641 332.696197509766 331.810119628906 328.534698486328 317.186828613281 296.177215576172 302.496246337891 332.426055908203 326.3818359375 351.896484375 358.304595947266 366.531646728516
182.645568847656 186.160064697266 202.717834472656 207.430374145508 207.506332397461 207.72151184082 210.066497802734 206.107360839844 205.39241027832 190.734176635742 202.032211303711 211.583557128906 225.626663208008 228.075942993164 211.254119873047 196.688186645508 195.405059814453 211.823104858398 279.759490966797 304.439666748047 312.050628662109 305.461303710938 312.091186523438 312.444946289063 297.126586914063 303.960266113281 304.009948730469 304 305.203491210938 319.421234130859 307.527008056641 329.354431152344 330 330.801300048828 331.936065673828 345.448150634766 343.968597412109 330.722961425781 330.562896728516 324.470611572266 280.693969726563 244.47428894043 250.4951171875 275.873413085938 275.367095947266 308.872131347656 346.146942138672 382.354431152344
179.822784423828 177.898727416992 199.21598815918 208.916519165039 209.416122436523 209.101272583008 205.230255126953 190.917007446289 187.936706542969 166.55696105957 183.518981933594 201.877258300781 212.047592163086 197.745712280273 188.728576660156 165.075942993164 147.16455078125 199.808685302734 271.886077880859 286.964599609375 287.624908447266 303.605499267578 295.996154785156 288.035095214844 284.458740234375 304.536926269531 321.900970458984 322.932220458984 321.769256591797 308.151885986328 307.163909912109 320.094696044922 329.354583740234 314.524749755859 330.582275390625 333.531646728516 331.128356933594 313.83544921875 314.240509033203 308.572998046875 269.819427490234 208.592376708984 201.675216674805 232.909637451172 228.749557495117 288.037963867188 336.986206054688 367.595092773438
186.72151184082 196.240509033203 203.818618774414 206.376541137695 212.160385131836 209.037979125977 192.16471862793 166.506332397461 154.384078979492 140.632904052734 157.820541381836 198.645568847656 190.025482177734 164.873413085938 146.479095458984 138.445602416992 132.485015869141 182.205093383789 254.544296264648 278.139251708984 264.249481201172 285.962036132813 284.050628662109 265.088592529297 279.493041992188 303.871978759766 321.367095947266 330.003540039063 329.810119628906 313.090057373047 297.556976318359 306.112640380859 295.501678466797 307.483734130859 327.888641357422 312.928863525391 307.228332519531 267.087493896484 257.041168212891 287.423004150391 270.873413085938 198.723114013672 167.190994262695 195.026275634766 218.969879150391 283.397369384766 299.648284912109 327.548950195313
182.303802490234 184.780960083008 200.490951538086 205.682418823242 198.878860473633 188.848098754883 166.54655456543 156.112319946289 121.661911010742 96.864128112793 144.543334960938 182.426376342773 165.518981933594 139.645568847656 114.949363708496 96.6019897460938 110.710624694824 158.746841430664 229.177215576172 243.936706542969 253.986373901367 244.761260986328 243.231857299805 239.253479003906 279.135559082031 304.893615722656 309.289855957031 329.002563476563 321.120330810547 306.888488769531 284.178649902344 286.394500732422 280.430389404297 296.595245361328 308.83544921875 285.028686523438 264.6083984375 231.151901245117 195.463714599609 209.936706542969 219.791702270508 180.411956787109 140.648620605469 166.405059814453 198.566253662109 240.751159667969 236.291778564453 292.341766357422
179 193.772155761719 203.958984375 205.886077880859 194.544296264648 182.050628662109 144.508087158203 136.848098754883 111.309883117676 83.9583435058594 127.213905334473 157.252044677734 140.224319458008 114.398330688477 73.4766845703125 61.9766044616699 74.5827560424805 99.4683532714844 199.857559204102 212.658233642578 217.518981933594 213.202850341797 229.569625854492 223.245147705078 245.191314697266 268.572814941406 287.380554199219 309.368682861328 290.565612792969 294.139068603516 279.375915527344 265.409393310547 297.732269287109 300.335845947266 286.734191894531 277.396881103516 252.797470092773 221.949691772461 159.562408447266 149 179.336639404297 138.774871826172 112.290817260742 120.924049377441 147.561447143555 174.840087890625 203.712219238281 280.593017578125
184.949371337891 193.189880371094 196 188.037979125977 183.949371337891 182.075942993164 140.246276855469 113.778884887695 90.3467407226563 65.826789855957 118.347862243652 135.286972045898 114.887199401855 105.569778442383 61.6582260131836 54.558723449707 72.3137283325195 78.8211822509766 139.659515380859 165.203979492188 183.676971435547 169.128982543945 157.62873840332 169.332321166992 159.428131103516 216.522827148438 261.050964355469 286.176574707031 282.088592529297 281.4228515625 244.468353271484 241.924057006836 292.962036132813 284.911407470703 261.886077880859 256.552642822266 218.209259033203 202.101272583008 133.83544921875 116.569137573242 135.202056884766 90.9367065429688 91.6660766601563 123.354431152344 131.974685668945 157.202529907227 193.961868286133 263.170013427734
182.962020874023 183.924057006836 183.924057006836 181.735626220703 166.023391723633 145.936706542969 132.296905517578 124.974685668945 87.6708831787109 59 101.868614196777 127.549591064453 92.3935241699219 68.9240493774414 56.9181213378906 56.032527923584 126.29386138916 137.839935302734 163.919403076172 173.744750976563 162.844573974609 137.516418457031 95.1919555664063 97.4430389404297 111.379745483398 148.253799438477 213.683547973633 221.733535766602 205.657424926758 204.839294433594 210.773910522461 217.402816772461 279.3291015625 260.126586914063 237.603912353516 233.902893066406 204.113922119141 180.043106079102 126.182823181152 87.955940246582 89.3863143920898 78.9001770019531 89.2227172851563 154.712219238281 186.886077880859 195.725204467773 231.367095947266 297
157.594940185547 146.33984375 141.472198486328 157.714630126953 141.74186706543 131.436950683594 131.341766357422 115.798271179199 85.7369003295898 59.5902900695801 80.2273712158203 107.084442138672 84.3268737792969 58.481014251709 55.1534996032715 89.8171768188477 164.728729248047 166.828079223633 178.563690185547 144.621688842773 101.936225891113 91.0403747558594 62.7258453369141 60.544303894043 86.0126571655273 146.44303894043 184.508255004883 183.341766357422 142.341766357422 143.551834106445 184.070343017578 188.146606445313 220.670883178711 215.075942993164 190.594940185547 172.582275390625 164.575546264648 135.987335205078 88.0350875854492 63.7955474853516 79 87.8061218261719 145.159744262695 198.170486450195 232.046630859375 263.734191894531 282.076110839844 337.685302734375
130.468353271484 116.278480529785 109.620254516602 130.696197509766 116.55696105957 102.721519470215 93.6582260131836 86.8480987548828 65.61865234375 39.5569610595703 72.2405090332031 85.4313430786133 81.3188629150391 42.1450080871582 52.2116661071777 100.063293457031 171.579071044922 179.531646728516 162.339050292969 130.038619995117 66.5742645263672 60.2658233642578 54.477165222168 56.5822792053223 98.9445571899414 134.945678710938 140.861877441406 122.918121337891 128.302352905273 130.130264282227 159.83544921875 179.604553222656 183.696044921875 164.395294189453 141.089080810547 135.468353271484 133 104.607597351074 59.9379920959473 57.9666709899902 81.2991485595703 113.848098754883 197.565460205078 220.974685668945 255.826629638672 280.531646728516 286.326232910156 322.297393798828
105.240509033203 91.0554428100586 84.5189895629883 105.468353271484 90.6075973510742 82.5569610595703 71.9367065429688 61.5359725952148 39.5827598571777 30.258451461792 55.7899360656738 44.1898727416992 40.4627456665039 31.0624904632568 52.1012649536133 116.029159545898 139.299957275391 108.240509033203 132.375579833984 129.271270751953 62.5644912719727 38.4936714172363 70.3507461547852 56.0126571655273 65.8311157226563 89.6075973510742 90.9857406616211 107.563369750977 166.970031738281 188.734344482422 194.400100708008 194.413711547852 140.770233154297 113.835441589355 93.3164520263672 110.645568847656 108.518989562988 80.126579284668 38.5931739807129 60.7444305419922 105.40746307373 150.871658325195 186.394332885742 197.303802490234 241.227844238281 264.621368408203 284.575561523438 311.738037109375
84.1772155761719 73.2341003417969 76.9873428344727 84.2723922729492 81.1898727416992 80.3223876953125 62.1017456054688 39.0126571655273 29.5816383361816 30 34.3417739868164 29.4864597320557 28.5306835174561 47.2911376953125 72.0402145385742 89.2124633789063 72.4936676025391 60.5569610595703 51.5106544494629 50.5491104125977 36.8559532165527 30.6329116821289 59.558723449707 92.1273803710938 92.9873428344727 79.6622314453125 81.126579284668 118.295303344727 196.09309387207 197.050628662109 203.898727416992 180.189880371094 110.86075592041 82.5696182250977 60.6736106872559 65.4648284912109 62.4148368835449 39.1299476623535 30.3924045562744 44.5949363708496 112.370292663574 156.427337646484 156.610961914063 149.149017333984 194.55696105957 224.066009521484 265.658233642578 287.073394775391
62.7848091125488 57.9950332641602 67.1392440795898 62.599422454834 43.8734169006348 55.9620246887207 39.8481025695801 29.5854835510254 29 29 29 29 29 34.5709037780762 56.6455688476563 42.4444808959961 34.5822792053223 33.9873428344727 28.4548950195313 28.2025318145752 29 29 35.3957710266113 66.4053802490234 120.647651672363 100.597343444824 81.2329788208008 91.0656967163086 144.063293457031 162.569625854492 165.395294189453 153.898727416992 87.5245971679688 75.3158111572266 36.2574920654297 34.392406463623 33.4145164489746 29.2151889801025 29.2773590087891 37.5013618469238 89.1480560302734 115.481010437012 114.41820526123 114.74683380127 143.933349609375 173.598937988281 223.885437011719 260.677947998047
34.7974700927734 34.7974700927734 35.6146469116211 35.5970191955566 29.6441268920898 33.4226875305176 30.5864448547363 29 29 29 29 29 29 30 33.6822624206543 29.3268699645996 29 29 29 29 29 29 30 35.3520278930664 67.7934646606445 64.3042755126953 40.8956909179688 43.057201385498 87.1746520996094 95.3651657104492 114.080436706543 112.241790771484 77.3153305053711 40.438232421875 29.2472362518311 34.7026100158691 71.5439834594727 87.3164520263672 67.4577789306641 51.0580024719238 59.9511299133301 64.0759506225586 67.8392868041992 88.5949401855469 117.265823364258 160.006729125977 190.389999389648 219.530517578125
29 29 28.9452018737793 29 28 29 29 28 28 28 28 28 29 29 29 29 29 29 29 28 28 29 29 29 33.8221435546875 33.8860740661621 29.0091323852539 29.0435829162598 38.7545280456543 43.0155410766602 100.164558410645 83.2658233642578 57.9460029602051 30.3110084533691 28.7088603973389 38.3701324462891 99.6835479736328 104.9482421875 100.753082275391 89.7067794799805 54.6149673461914 57.2183952331543 75.5833969116211 80.3943252563477 86.338249206543 98.6455688476563 123.095817565918 153.117294311523
28 28 28 28 28 28 28 28 28 28 28 28 28 28 28 28 28 28 28 28 28 29 29 29 29 29 29 29 28.9567375183105 30.7139873504639 62.1139259338379 57.6257019042969 43.2579727172852 30.4936714172363 28.7088603973389 38.2784805297852 108.888320922852 144.686752319336 146.55696105957 136.075622558594 76.417724609375 82.8471374511719 121.049034118652 113.966514587402 79.7244033813477 80.3417739868164 84.7045364379883 94.0982208251953
28 28 28 28 28 28 28 28 27 27 27 28 28 28 28 28 28 28 28 28 28 28 28 29 29 29 29 29 29 29.0653743743896 33.6721687316895 33.5822792053223 32.0759506225586 29 29.7088603973389 38.607593536377 106.199005126953 142.426376342773 192.72151184082 169.233779907227 118.810127258301 108.959625244141 154.805801391602 159.173690795898 100.873420715332 100.647491455078 100.189872741699 101.203170776367
