data/Heterogeneo/norestedecolemu/elevation.asc
ncols 80
nrows 80
xllcorner 694670.6875
yllcorner 5969804.5
cellsize 100.021875
NODATA_value -9999                                                                              
[rows 0 to 20 of 80, columns 0 to 47 of 80]
6 23.1518993377686 34.1518974304199 52.2278480529785 40.392406463623 33.3797454833984 51.455696105957 37.4683532714844 56.8227844238281 71.6835479736328 68.2405090332031 61.5822792053223 60 54.0126571655273 53.1265830993652 92.2658233642578 114 83.4810104370117 84.0506362915039 101.886077880859 103 110.987342834473 153.189880371094 177 133.797470092773 151.44303894043 220.810119628906 220.772155761719 176.746841430664 185.518981933594 251.696197509766 246.468353271484 239.430374145508 243.468353271484 198.544296264648 200.974685668945 232.936706542969 266.050628662109 295.113922119141 277.962036132813 300.037963867188 307.113922119141 311.405059814453 291.303802490234 249.632904052734 240.670883178711 288.734191894531 304.493682861328
13.0759496688843 21.1518993377686 30.3417720794678 51.6455688476563 58.0817184448242 55.2730331420898 60.2658233642578 48.1696853637695 68.8745422363281 122.038932800293 121.168083190918 96.8227844238281 97.7181549072266 82.4491271972656 79.9469604492188 78.6297073364258 77.9322204589844 85.7832107543945 115.266464233398 122.405059814453 123.452171325684 135.402816772461 153.145492553711 175.868606567383 138.898727416992 132.763336181641 188.392883300781 195.533569335938 157.962020874023 183.586120605469 250.696197509766 245.291137695313 230.553283691406 218.784805297852 180.83544921875 184.94905090332 236.467071533203 272.941192626953 264.751007080078 252.19548034668 276.846649169922 293.679382324219 296.665435791016 282.111358642578 254.468032836914 224.39241027832 237.711898803711 290.202545166016
20.2278480529785 32.5316467285156 43.455696105957 59.5989418029785 66.3797454833984 79.7974700927734 81.6029510498047 59.7266464233398 53.7468338012695 116.418365478516 152.788330078125 143.80387878418 157.167922973633 163.025314331055 160.113922119141 106.390319824219 92.5785903930664 109.952568054199 152.27848815918 191.307800292969 194.544296264648 176.313735961914 174.44303894043 183.550872802734 161.918121337891 138.531646728516 152.862686157227 169.446884155273 163.584045410156 196.237777709961 250.491592407227 247.238906860352 222.23681640625 195.772155761719 174.588531494141 192.354110717773 245.402496337891 248.151901245117 229.55696105957 232.409393310547 242.683547973633 252.329116821289 277.708862304688 295.911407470703 262.632904052734 207.819580078125 232.702774047852 282.826477050781
35.7974700927734 56.0209884643555 61.8647651672363 68.6835479736328 72.5316467285156 91.0036849975586 83.7208786010742 59.8833503723145 66.3350448608398 119.123695373535 151.448318481445 165.883026123047 170.797470092773 179.045028686523 174.627456665039 169.788009643555 147.512252807617 150.027725219727 162.296112060547 217.759658813477 230.73210144043 234.4326171875 234.620254516602 216.757736206055 197.151901245117 169.790573120117 162.797470092773 174.151901245117 195.036209106445 233.141479492188 248.541091918945 250.518981933594 204.27848815918 178.876937866211 167.754684448242 215.557922363281 250.097427368164 238.105758666992 222.329437255859 207.544296264648 193.864929199219 215.481491088867 252.670883178711 266.45458984375 227.722473144531 199.237457275391 214.439514160156 257.530029296875
60.7594947814941 75.4441604614258 79.8480987548828 79.8654098510742 84.9575424194336 101.312927246094 84.2531661987305 57.8077239990234 90.582275390625 125.734176635742 152.050628662109 166.405059814453 178.980606079102 183.44303894043 195.202529907227 206.390319824219 193.940399169922 205.952575683594 190.812683105469 209.240509033203 228.226409912109 244.141006469727 246.316131591797 248.455703735352 245.873413085938 214.316452026367 191.063293457031 236.16455078125 239.116973876953 244.268539428711 250.269989013672 244.316452026367 195.934631347656 166.924057006836 180.379592895508 229.545593261719 228.997268676758 208.173690795898 192.130584716797 148.012664794922 146.338882446289 156.940719604492 222.001770019531 234.645568847656 170.911392211914 177.848266601563 213.241470336914 236.640289306641
75.1898727416992 91.0270767211914 94.6438064575195 87.8934478759766 107.21166229248 115.365165710449 101.56224822998 80.759651184082 77.7439498901367 108.857551574707 136.810119628906 155.772155761719 171.124496459961 186.215194702148 196.924057006836 207.677780151367 214.60758972168 215.666885375977 213.822784423828 228.991821289063 230.759490966797 252.987335205078 253.974685668945 253.620254516602 254.35026550293 233.863800048828 215.951766967773 249.506332397461 252.391128540039 250.259246826172 246.606475830078 223.902740478516 183.382629394531 139.141799926758 155.227844238281 218.518981933594 192.962188720703 155.579391479492 152.924057006836 123.891525268555 129.716064453125 140.22705078125 168.839294433594 190.936386108398 154.318862915039 161.368377685547 190.772155761719 185.541412353516
85.1392440795898 118.058647155762 129.16455078125 109.544303894043 123.911392211914 140.650863647461 144.051910400391 136.414993286133 102.075950622559 86.4391937255859 93.5864410400391 117.77872467041 143.698760986328 181.592056274414 187.488220214844 205.629699707031 215.304595947266 221.248352050781 229.439193725586 230 230.291137695313 252.189880371094 251.55696105957 247.800994873047 252.475891113281 241.151901245117 234.693313598633 244.677780151367 239.705337524414 246.66047668457 223.107681274414 213.367095947266 201.583877563477 147.83544921875 137.550872802734 185.519943237305 163.514022827148 142.361801147461 104 107.405059814453 135.388397216797 160.392730712891 144.545913696289 150.706619262695 154.365173339844 153.772155761719 152.601989746094 152.772155761719
99 116.655662536621 126.083480834961 121.189872741699 133.805313110352 144.671051025391 144.506332397461 141.070663452148 138.802276611328 123.481010437012 98.569938659668 102.663993835449 126.55696105957 188.088607788086 205.407150268555 215.139236450195 218.769104003906 229.55696105957 231.531646728516 233.518981933594 235.582275390625 253.455703735352 255.16455078125 247.253158569336 248 244.518188476563 246.788177490234 246.821990966797 223.101425170898 206.974685668945 190.847137451172 197.139236450195 185.392883300781 131.147888183594 123.935264587402 135.973556518555 121.603912353516 119.734336853027 105.083641052246 107.049354553223 128.31901550293 167.565780639648 185.727767944336 200.703567504883 169.597183227539 169.189880371094 170.189880371094 170.189880371094
114.341773986816 134.559204101563 144.419967651367 155.83544921875 158.957534790039 158.994384765625 155.734176635742 155.734176635742 161.734176635742 164.243072509766 149.987335205078 111.138282775879 118.822784423828 171.466430664063 197.053680419922 211.573944091797 220.095977783203 232.291137695313 235 241.139236450195 244.455703735352 251.128341674805 254.531646728516 249.518508911133 249.026916503906 242.800186157227 245.20637512207 213.873413085938 185.841537475586 132.479248046875 139.886077880859 160.946166992188 137.493667602539 120.761413574219 104.708862304688 104 104.888481140137 103.69620513916 104.69620513916 105 106.241630554199 128.860763549805 182.332641601563 207.437591552734 222.49494934082 220.809799194336 212.595901489258 212.822784423828
145.341766357422 158.303802490234 157.341766357422 160.113922119141 165.645568847656 178.72151184082 182.683547973633 182.934463500977 183.483581542969 183.025314331055 183.534851074219 131.130111694336 113.856910705566 169.759490966797 192.801956176758 209.678741455078 219.215194702148 231.291137695313 232.658233642578 237.379745483398 236.974685668945 242.728256225586 253.670883178711 251.126586914063 250.518981933594 231.253158569336 219.354431152344 179.481018066406 149.75212097168 89.9274139404297 96.2086181640625 110.26309967041 96.7546844482422 104.831275939941 104.609359741211 96.5077743530273 98.4270172119141 116.011054992676 111.304756164551 102.835441589355 103.835601806641 124.444000244141 198.987335205078 226.781448364258 255.454254150391 255.893127441406 253.491592407227 245.389999389648
127.822784423828 146.64909362793 156.39241027832 158.620254516602 161.106872558594 169.219039916992 178.643493652344 183.506332397461 188.419158935547 190.759490966797 189.620254516602 167.936706542969 135.751007080078 180.503921508789 203.66015625 208.834320068359 211.559844970703 220.012664794922 229.44319152832 235 230.711578369141 237.455703735352 249.531646728516 252.331680297852 249.506332397461 222.126586914063 196.405059814453 181.272384643555 161.66960144043 114.607116699219 80.5294036865234 76.2405090332031 79.0195465087891 96.131706237793 94.6675186157227 79.5410995483398 94.3037948608398 144.354431152344 138.445114135742 136.151901245117 130.479248046875 159.716232299805 242.571548461914 265.797302246094 269.215179443359 270.410980224609 304.693786621094 296.772155761719
96.1645584106445 122.810127258301 148.962020874023 157.996948242188 162.658233642578 163.506332397461 169.328628540039 178.224960327148 193.468353271484 197.692672729492 195.455703735352 189.83544921875 154.455215454102 189.187789916992 196.234741210938 194.250595092773 197.60758972168 203.936706542969 223.481018066406 232.002410888672 230.240509033203 230.46435546875 237.321899414063 253.746841430664 237.696197509766 205.383911132813 179.650863647461 164.023239135742 169.013778686523 121.738502502441 81.3619613647461 71.9259719848633 73.3404922485352 78.582275390625 79.4127578735352 89.5425415039063 118.911392211914 161.72151184082 171.564819335938 220.832244873047 208.269027709961 222.89697265625 266.781433105469 292.303802490234 307.889587402344 301.726470947266 326.287445068359 338.924041748047
116.924049377441 135.780166625977 153.670883178711 165.745559692383 178.303802490234 181 174.227844238281 178.397857666016 201.353622436523 203.227844238281 200 204.265335083008 184.72151184082 178.775039672852 179.318222045898 196.879821777344 200.634506225586 204.452651977539 211.372055053711 227.708862304688 228.544296264648 230.363403320313 230.745880126953 244.652618408203 222.797470092773 205.685791015625 179.101272583008 131.509689331055 133.151901245117 95.5569610595703 71.9115524291992 71 76.4398345947266 87.2784805297852 92.0374908447266 132.177215576172 152.460189819336 188.810119628906 207.227844238281 263.594940185547 269.303802490234 291.811401367188 301.032684326172 315.800201416016 324.991180419922 343.702301025391 356.609039306641 355
142.531646728516 147.531646728516 157.240509033203 165.790420532227 177.303802490234 181 174.772155761719 177.037979125977 192.596862792969 200.194046020508 199.192276000977 204 191.870529174805 189.211990356445 181.231216430664 197.367095947266 204.60758972168 205 213.172882080078 226.808364868164 225.746841430664 221.137954711914 221.037979125977 211.644775390625 188.025314331055 187.544616699219 179.063446044922 130.797470092773 103.494468688965 70.4303817749023 56.2784805297852 72.760612487793 82.8250274658203 123.427177429199 139.236022949219 188.609680175781 191.797470092773 216.39241027832 246.27848815918 288.886077880859 293.050628662109 317.24755859375 331.683532714844 332.987335205078 336.339691162109 352.430389404297 356.609191894531 364.349456787109
105.620254516602 117.351707458496 147.040374755859 168.936706542969 178.303802490234 183 177.303802490234 175.656143188477 178.772155761719 190.025314331055 197.379745483398 201.886077880859 203.468353271484 203.974685668945 187.468353271484 195.102233886719 203.423812866211 209.05207824707 226.37077331543 225.746841430664 226.772155761719 206.012664794922 194.39128112793 162.573623657227 145.585800170898 137.064895629883 159.119857788086 129.795867919922 94.147575378418 56.0158615112305 57.719596862793 97.8396072387695 108.11296081543 157.07258605957 186.284255981445 224.744598388672 228.27848815918 250.72135925293 270.384704589844 305.936706542969 317.265808105469 331.531646728516 331.531646728516 333.936706542969 336.810119628906 344.262939453125 359.599578857422 381.569610595703
86.8480987548828 98.2658233642578 143.265823364258 171.746841430664 181.173049926758 185.569625854492 185.170959472656 189.417724609375 185.932388305664 186.349624633789 193.620254516602 195.860763549805 198.886077880859 201.787536621094 198.177215576172 203.894088745117 214.18586730957 221.569625854492 224.863800048828 225 223.772155761719 206.215194702148 180.410186767578 123.974685668945 119.063133239746 97.1645584106445 109.54606628418 119.043258666992 88.9113922119141 57.3670883178711 70.2278518676758 130.911071777344 149.586288452148 157.83544921875 186.744277954102 235.675689697266 242.361480712891 281.379760742188 285.480224609375 316.510803222656 330.518981933594 332.430389404297 332.405059814453 329.215667724609 324.977081298828 350.351867675781 368.405059814453 381.692199707031
123.291137695313 124.989585876465 148.262130737305 160.057357788086 179.39241027832 184.466918945313 195.898727416992 204.711898803711 196.15397644043 190.245635986328 197.338882446289 199.822784423828 203.457305908203 206.708862304688 205.816207885742 214.09294128418 229.276397705078 228.607757568359 224.584686279297 224 221.303802490234 195.331192016602 158.911392211914 107.757568359375 93.943115234375 70.6075973510742 69.1216125488281 84.126579284668 83.3811874389648 57.3308753967285 73.4476852416992 129.740585327148 146.177215576172 147.667037963867 163.923736572266 194.41259765625 211.351379394531 261.398010253906 287.361145019531 330.531646728516 329.165679931641 321.623626708984 319.644134521484 308.946319580078 313.774719238281 359.240173339844 369.446868896484 359.755157470703
150.645568847656 153.32991027832 154.403457641602 153.541900634766 174.759490966797 180.189880371094 200.139236450195 205.734176635742 198.145645141602 201.817337036133 206.514343261719 209 212 211 209.822784423828 223.619613647461 227.708862304688 223.063293457031 221.795700073242 226.012664794922 229.772155761719 192.687866210938 151.39241027832 106.86653137207 78.8860778808594 54.607593536377 54 53.3544311523438 53.3544311523438 56.3627624511719 78.1480560302734 117.960586547852 109.392402648926 109.771026611328 122.934783935547 169.784805297852 189.468353271484 224.987335205078 276.886077880859 319.531646728516 315.032043457031 284.134124755859 282.975006103516 280.974670410156 303.744110107422 345.6708984375 341.621368408203 328.291473388672
149 149.379104614258 157.570907592773 164.251235961914 173.296112060547 178.825988769531 200.139236450195 205.232330322266 201.379745483398 200.575393676758 204.183471679688 207.417724609375 212.455703735352 213.337448120117 217.066970825195 222.620254516602 224.268218994141 221.354431152344 218.316452026367 218.810607910156 210.44287109375 196.975479125977 162.810119628906 119.831115722656 101.357154846191 67.1738510131836 55.0213088989258 55 54.936710357666 58.0573616027832 94.044059753418 91.6274642944336 77.3496246337891 81.6920394897461 117.813652038574 141.552963256836 139.050628662109 189.658233642578 241.605667114258 293.949035644531 288.785125732422 253.088607788086 257.014251708984 277.949371337891 285.541412353516 318.540771484375 320.983001708984 329.248352050781
152.16455078125 158.240509033203 166.92822265625 178.949371337891 175.139236450195 177.759490966797 200.139236450195 205 206 206 206.447525024414 208.139236450195 211.126907348633 212.772155761719 218.341766357422 224.405059814453 225 226.44303894043 222.797470092773 204.670883178711 170.739471435547 156.576507568359 111.982536315918 110.088607788086 109.265182495117 82.1182479858398 56.0597648620605 55 53.2784805297852 54.063289642334 77.7966690063477 89.9392700195313 98.9173202514648 82.9963150024414 108.797470092773 116.591896057129 106.862678527832 137.618011474609 192.800674438477 265.632904052734 257.533721923828 255.8037109375 270.922943115234 299.555999755859 292.373657226563 303.197418212891 310.837219238281 340.464996337891
158 160.258773803711 163.037979125977 167.757415771484 180.534530639648 184.658233642578 201.497833251953 205 206.240509033203 207.259567260742 208.759490966797 209 208.130905151367 209.118728637695 211.012664794922 211.723754882813 225.582275390625 225.750198364258 224.354431152344 205.401382446289 157.703414916992 129.417724609375 82.8464965820313 67.8758239746094 67.6835479736328 68.4936676025391 55.2815246582031 56.1083145141602 75.3366470336914 86.9990386962891 100.598625183105 116.173851013184 125.657104492188 89.7848129272461 88.6902770996094 102.060089111328 103.632911682129 109.481010437012 166.766860961914 249.44303894043 234.470123291016 270.215179443359 297.505218505859 324.72119140625 316.645568847656 314.848114013672 322.964416503906 356.898742675781
