data/Heterogeneo/norestedecolemu/saz.asc
ncols 80
nrows 80
xllcorner 694670.6875
yllcorner 5969804.5
cellsize 100.021875
NODATA_value -9999                                                                              
[rows 42 to 62 of 80, columns 0 to 46 of 80]
180 125.828437805176 307.482421875 321.63720703125 319.298278808594 262.513488769531 1.21088480949402 2.49137330055237 299.038238525391 273.547729492188 249.80908203125 246.083679199219 357.539245605469 296.040069580078 310.279113769531 307.121429443359 264.045654296875 189.288223266602 209.175872802734 257.305541992188 252.672271728516 245.008834838867 217.154022216797 311.589324951172 78.9891586303711 64.15673828125 325.189727783203 285.416687011719 302.109985351563 304.400451660156 52.474292755127 26.4815578460693 333.111450195313 323.397796630859 11.677414894104 11.3741464614868 15.4957513809204 20.397632598877 8.79479312896729 15.5039014816284 359.489776611328 358.552795410156 21.5874729156494 334.224060058594 331.461944580078 261.594421386719 235.184387207031
315.026245117188 311.349090576172 312.437561035156 323.738342285156 15.8383140563965 268.094421386719 321.783813476563 342.512420654297 323.604675292969 276.781341552734 227.575973510742 228.855712890625 274.373168945313 291.276885986328 273.302673339844 202.003890991211 179.984329223633 171.048828125 245.028747558594 232.940170288086 193.400955200195 188.548736572266 268.118927001953 269.980224609375 86.2556610107422 40.0111541748047 351.986663818359 283.44970703125 294.763366699219 272.907043457031 29.5485420227051 10.6570568084717 344.36181640625 316.13232421875 7.94884872436523 359.988677978516 16.6420116424561 15.113094329834 1.15979444980621 6.16848087310791 0.401934295892715 6.1492657661438 17.6911010742188 5.49429273605347 12.9314002990723 122.139137268066 227.043304443359
325.080261230469 319.229919433594 316.141143798828 344.101104736328 27.3529052734375 311.405883789063 253.331695556641 96.7437744140625 269.713317871094 271.386505126953 248.88200378418 241.087875366211 261.88671875 260.210235595703 203.979232788086 165.106872558594 194.245010375977 256.831237792969 267.795135498047 239.94499206543 298.491577148438 300.219360351563 309.504791259766 275.735870361328 111.773406982422 92.1095123291016 97.0835494995117 219.492294311523 233.486389160156 266.991180419922 298.235382080078 355.733520507813 0 216.917404174805 262.300964355469 332.742614746094 12.4898633956909 9.36542892456055 330.809295654297 338.509948730469 354.984802246094 326.532806396484 14.939793586731 29.2928943634033 52.1274337768555 49.4168930053711 311.983367919922
304.333160400391 295.214813232422 301.123992919922 282.55126953125 336.729400634766 12.2051820755005 127.715888977051 255.715240478516 269.743591308594 214.040817260742 182.240036010742 255.624542236328 229.140930175781 191.210662841797 181.578002929688 174.785659790039 217.562164306641 216.949020385742 306.410339355469 296.594177246094 321.035491943359 310.706970214844 323.886688232422 87.7774429321289 129.303665161133 108.015151977539 165.022201538086 198.839691162109 251.98551940918 266.291961669922 182.994354248047 155.895111083984 180 237.485000610352 268.764404296875 304.278503417969 49.5488586425781 114.90828704834 190.913681030273 217.770324707031 179.585739135742 173.894592285156 188.524276733398 185.748168945313 93.6174697875977 14.1836318969727 348.307830810547
233.266647338867 230.017333984375 239.197937011719 251.71305847168 235.464874267578 167.016723632813 103.159523010254 141.094787597656 176.224090576172 179.496643066406 205.83073425293 227.486145019531 189.292022705078 174.463668823242 186.316452026367 188.701919555664 188.354080200195 218.884124755859 269.767608642578 283.990356445313 249.735961914063 183.160293579102 218.820159912109 131.17903137207 133.962478637695 113.145629882813 163.582229614258 232.849105834961 267.945190429688 220.880844116211 183.585174560547 267.580139160156 270 288.029022216797 269.670166015625 254.563262939453 107.462356567383 112.884956359863 154.393905639648 138.754089355469 156.14794921875 171.321914672852 200.40104675293 197.947296142578 194.845581054688 255.238327026367 317.002044677734
197.496398925781 218.591720581055 242.514251708984 228.073699951172 180.914123535156 186.563034057617 175.144119262695 168.815200805664 148.177581787109 175.897064208984 215.861068725586 222.705230712891 219.236587524414 157.201278686523 142.280044555664 167.599624633789 189.389190673828 241.217926025391 257.486541748047 240.37646484375 181.436401367188 180.189117431641 191.828979492188 160.38264465332 161.656707763672 263.763946533203 359.864959716797 356.182495117188 314.986145019531 186.744598388672 232.656051635742 247.755081176758 246.013244628906 187.14892578125 262.729309082031 209.432754516602 145.719116210938 144.527420043945 160.365524291992 111.765495300293 120.567161560059 160.931365966797 197.339538574219 194.066482543945 198.718704223633 228.01481628418 253.860427856445
25.3256950378418 297.405853271484 272.027374267578 264.116180419922 357.720947265625 72.582893371582 134.479095458984 156.356216430664 154.415908813477 174.9482421875 218.691665649414 245.659698486328 173.363784790039 159.701034545898 153.177291870117 144.41845703125 208.96061706543 256.673767089844 253.902862548828 210.961212158203 199.23942565918 203.286911010742 150.895889282227 166.274444580078 223.173385620117 269.865844726563 313.264495849609 0.290948152542114 31.0557155609131 113.38313293457 230.215606689453 223.746978759766 170.805618286133 183.021499633789 258.008178710938 180.964492797852 151.744201660156 165.101257324219 175.895614624023 129.757217407227 95.5958023071289 123.809936523438 196.31201171875 198.558471679688 224.420532226563 256.788055419922 239.758102416992
284.573181152344 291.876525878906 277.151397705078 248.857467651367 194.209381103516 135.294174194336 132.215316772461 132.580062866211 158.625411987305 182.830032348633 236.171936035156 238.933242797852 143.957626342773 143.078704833984 160.246383666992 168.421035766602 230.275146484375 251.450302124023 246.055633544922 192.741806030273 193.123672485352 198.641952514648 158.366775512695 174.649017333984 262.204254150391 270.486968994141 244.294647216797 305.646667480469 92.1916885375977 92.2375640869141 163.073486328125 176.501174926758 181.609344482422 241.09228515625 194.091278076172 156.875686645508 145.360137939453 148.678863525391 189.739410400391 188.002746582031 119.361557006836 105.168800354004 176.524642944336 217.973693847656 251.186553955078 239.687942504883 203.729354858398
197.829055786133 262.290344238281 270.383605957031 106.881591796875 136.227630615234 129.780090332031 145.446853637695 123.388786315918 125.948783874512 202.035903930664 250.363143920898 206.93147277832 139.264770507813 134.873992919922 149.412216186523 176.819274902344 227.096267700195 235.137603759766 237.367782592773 200.798492431641 181.013427734375 171.571029663086 174.212753295898 220.702774047852 242.46907043457 220.577133178711 215.419021606445 209.889236450195 150.536987304688 117.098937988281 131.505676269531 174.725372314453 282.304504394531 255.909515380859 164.264083862305 128.70768737793 135.220703125 123.070335388184 167.691543579102 189.992706298828 162.080795288086 127.073036193848 165.65251159668 218.081146240234 226.226974487305 199.208160400391 208.330047607422
280.128448486328 288.575378417969 249.706085205078 151.856399536133 121.996124267578 97.6886520385742 120.12931060791 141.82585144043 120.565650939941 207.190139770508 250.378753662109 195.466613769531 139.684677124023 116.986480712891 135.398803710938 181.510803222656 224.389038085938 237.527648925781 231.731262207031 192.674331665039 180.444931030273 189.075485229492 186.707702636719 192.624969482422 200.787368774414 205.576705932617 220.292785644531 184.264099121094 158.63591003418 156.22575378418 144.046142578125 202.480804443359 289.692047119141 136.659454345703 153.903198242188 129.928466796875 129.851898193359 107.265159606934 130.119918823242 191.9873046875 173.090301513672 143.085433959961 159.929992675781 219.398178100586 219.066299438477 213.971054077148 248.235076904297
295.621643066406 228.365127563477 165.544097900391 153.423751831055 168.163818359375 129.497436523438 100.112037658691 103.351844787598 116.184585571289 228.360229492188 250.000091552734 173.337707519531 148.082443237305 130.436248779297 107.941329956055 240.906997680664 334.808654785156 299.610931396484 247.462356567383 228.593673706055 184.116500854492 160.963989257813 180.0869140625 180.821533203125 199.471374511719 220.256225585938 223.456680297852 193.531845092773 176.787460327148 157.103408813477 150.005401611328 225.361602783203 246.876266479492 142.231063842773 149.943054199219 134.807418823242 131.727127075195 116.354919433594 111.269599914551 181.285720825195 164.056243896484 143.909515380859 234.63313293457 309.899719238281 319.208648681641 288.576263427734 284.591186523438
182.019317626953 181.179336547852 177.695907592773 149.382095336914 139.625106811523 146.268814086914 112.963363647461 87.4155578613281 93.9868850708008 246.339294433594 240.983001708984 161.385635375977 117.472816467285 142.936996459961 116.716133117676 296.882354736328 318.412292480469 336.799468994141 317.223785400391 177.003112792969 156.042907714844 139.024063110352 157.05583190918 188.484680175781 214.754852294922 235.655700683594 223.902725219727 175.525939941406 173.089584350586 182.130676269531 191.779556274414 231.958236694336 210.646377563477 149.078796386719 159.757522583008 158.206481933594 134.807098388672 130.238647460938 116.386161804199 145.045806884766 170.823913574219 177.001022338867 305.138946533203 307.384429931641 337.663604736328 337.286071777344 310.953247070313
167.868789672852 166.561462402344 188.725234985352 180.303482055664 151.961715698242 166.435623168945 157.914367675781 129.825057983398 111.372505187988 164.140960693359 238.107986450195 185.5732421875 102.804801940918 132.4775390625 261.479705810547 291.841766357422 300.393829345703 341.598785400391 94.0604248046875 119.636924743652 150.83935546875 153.030349731445 143.096649169922 209.741424560547 261.783264160156 262.324340820313 206.929748535156 156.838775634766 152.720657348633 209.247146606445 221.272750854492 224.15007019043 195.764526367188 162.517364501953 156.183547973633 165.157730102539 152.710861206055 134.511032104492 132.468063354492 163.193588256836 251.42936706543 297.784851074219 314.398010253906 307.260406494141 316.365844726563 329.399139404297 306.549774169922
164.798568725586 159.29035949707 194.240478515625 187.581817626953 151.25666809082 154.842712402344 165.003555297852 152.613632202148 134.230499267578 192.752777099609 242.015670776367 188.233978271484 135.30744934082 133.216567993164 266.990997314453 282.354736328125 252.298034667969 171.015228271484 132.949508666992 99.0840454101563 119.373443603516 167.003784179688 25.8416767120361 264.195709228516 255.592926025391 216.478744506836 172.653305053711 170.565948486328 343.638763427734 325.020629882813 281.764465332031 284.681060791016 169.195922851563 157.124435424805 163.39990234375 172.54052734375 151.104721069336 127.330467224121 136.597518920898 261.891418457031 295.237762451172 298.415771484375 291.003936767578 269.149810791016 278.741851806641 271.662017822266 273.416168212891
162.922668457031 154.237243652344 203.883071899414 187.490539550781 146.998046875 140.11572265625 146.264038085938 145.859954833984 138.972686767578 239.536544799805 200.230163574219 164.641708374023 166.000991821289 293.799743652344 283.103912353516 262.924407958984 175.494155883789 176.660705566406 190.771240234375 138.637191772461 108.084373474121 194.757705688477 286.136627197266 7.26452922821045 259.969451904297 204.520736694336 196.770156860352 266.527221679688 309.796051025391 337.660827636719 352.637176513672 89.3763046264648 132.038635253906 149.826065063477 177.722671508789 192.282638549805 156.56494140625 133.046203613281 146.668350219727 258.710601806641 288.976928710938 297.673767089844 228.658599853516 217.428894042969 227.764907836914 217.582809448242 246.368286132813
165.511367797852 167.700439453125 212.486175537109 185.613006591797 175.156631469727 144.263031005859 127.769241333008 134.42138671875 139.50959777832 255.227081298828 178.899047851563 159.0166015625 237.292236328125 274.598541259766 276.171264648438 180.353958129883 164.659027099609 164.182434082031 174.485382080078 171.72917175293 149.252731323242 247.358154296875 240.447204589844 287.229095458984 12.8424158096313 47.2551345825195 255.866271972656 261.854156494141 253.821212768555 196.650955200195 149.767227172852 113.478584289551 118.548820495605 127.437034606934 163.272766113281 181.311416625977 160.631866455078 147.765472412109 210.460647583008 254.208419799805 261.748291015625 231.412307739258 174.211288452148 204.740127563477 217.666381835938 218.065093994141 226.145568847656
174.445770263672 186.479629516602 186.366287231445 154.396774291992 172.644195556641 175.082077026367 140.001266479492 132.63444519043 134.738830566406 180 180 180 274.803375244141 238.040817260742 191.628295898438 159.727966308594 168.969253540039 168.98454284668 165.552978515625 181.452713012695 185.810882568359 255.712371826172 231.753692626953 236.404281616211 233.684997558594 111.239471435547 166.638519287109 219.936050415039 213.350997924805 191.877059936523 174.471984863281 131.035446166992 113.064392089844 129.342391967773 127.451866149902 174.706558227539 29.6201229095459 4.91957759857178 347.367553710938 276.145812988281 236.15739440918 195.340179443359 179.524948120117 206.042510986328 217.356704711914 231.368209838867 229.232574462891
180 181.618438720703 181.202285766602 169.898910522461 172.180709838867 182.006729125977 157.768981933594 134.910232543945 180 180 180 180 270 220.117904663086 178.601684570313 160.753463745117 176.640411376953 180 0 180 180 270 224.875793457031 225.368087768555 198.484634399414 157.990600585938 157.810638427734 216.798583984375 206.471817016602 192.714233398438 194.540756225586 152.443237304688 112.33765411377 133.042678833008 142.70182800293 275.358978271484 321.481872558594 3.09622049331665 26.9563941955566 8.20293617248535 200.702789306641 187.729644775391 212.332336425781 235.267700195313 231.183837890625 224.364654541016 210.628463745117
180 179.53694152832 180 172.890090942383 180 190.474411010742 158.813201904297 134.927597045898 180 180 180 225.072402954102 225.072402954102 180 180 180 180 180 134.927597045898 134.927597045898 225.072402954102 270 180 217.273727416992 187.196640014648 172.217346191406 157.799163818359 214.800140380859 193.5283203125 223.599517822266 217.829437255859 142.225677490234 122.680839538574 108.740837097168 266.187774658203 272.876983642578 299.226776123047 358.929290771484 10.9334735870361 28.5489406585693 63.1803817749023 311.763336181641 336.411010742188 336.976135253906 205.984283447266 204.823822021484 207.326202392578
180 180 180 180 -1 180 180 -1 180 180 180 -1 180 180 180 180 180 180 180 -1 270 225.072402954102 180 -1 180 180 180 135.13899230957 189.990539550781 247.233856201172 202.085250854492 159.169097900391 133.563720703125 95.1360244750977 277.301605224609 270.169006347656 273.495086669922 314.782348632813 5.36254453659058 41.4826965332031 39.7355575561523 319.147735595703 338.505249023438 27.7393932342529 66.6750259399414 291.849151611328 211.051391601563
180 -1 -1 180 180 180 180 134.927597045898 134.927597045898 180 225.072402954102 225.072402954102 -1 -1 -1 -1 -1 180 180 180 -1 180 225.072402954102 225.072402954102 180 180 180 180 183.918838500977 249.90119934082 187.786911010742 176.800338745117 162.141220092773 124.146690368652 279.255584716797 269.234100341797 257.694854736328 254.788711547852 335.732971191406 42.199462890625 28.1540775299072 338.077850341797 326.757904052734 33.518627166748 33.4983444213867 0.467197805643082 359.490539550781
