data/Heterogeneo/norestedecolemu/saz.asc
ncols 80
nrows 80
xllcorner 694670.6875
yllcorner 5969804.5
cellsize 100.021875
NODATA_value -9999                                                                              
[rows 0 to 20 of 80, columns 0 to 46 of 80]
292.367401123047 265.946563720703 262.553100585938 264.682739257813 46.8887939453125 333.132934570313 335.049560546875 333.306579589844 289.358673095703 347.193328857422 10.8317050933838 13.19349193573 11.3758602142334 13.6215162277222 304.967346191406 257.404602050781 166.278015136719 85.6153717041016 329.412719726563 317.205200195313 335.957000732422 295.884246826172 269.96044921875 93.3305511474609 78.7396850585938 257.913421630859 244.99543762207 119.740829467773 117.991073608398 268.526458740234 269.062469482422 95.4684448242188 161.283432006836 121.05598449707 112.572120666504 245.071563720703 273.097442626953 276.307952880859 201.469421386719 190.845626831055 231.567092895508 220.306304931641 132.9208984375 98.4431304931641 84.5588531494141 247.448608398438 231.430480957031
330.357879638672 298.452545166016 286.926879882813 284.844940185547 352.033813476563 357.299224853516 13.2906665802002 338.806518554688 267.62158203125 310.473999023438 16.6467666625977 15.9565954208374 8.43549919128418 9.28190994262695 2.04974555969238 8.13826560974121 198.509872436523 305.269958496094 331.714569091797 354.756530761719 351.898803710938 335.501800537109 297.649475097656 65.3612518310547 56.9469528198242 255.414596557617 222.804122924805 149.272644042969 137.69889831543 276.576843261719 268.884429931641 87.8147430419922 122.903717041016 133.73876953125 125.230285644531 261.213500976563 278.043304443359 237.738830566406 162.398162841797 194.906616210938 215.946655273438 199.934310913086 161.007949829102 83.784065246582 77.3381195068359 152.917037963867 229.660049438477
331.503601074219 326.263793945313 319.277282714844 306.5517578125 305.511260986328 336.87109375 40.6256217956543 67.2446441650391 267.441650390625 268.318328857422 317.801696777344 356.362182617188 345.228088378906 358.248718261719 30.9504146575928 36.6024742126465 357.061828613281 317.027679443359 299.968536376953 336.041046142578 7.97632455825806 11.5023813247681 354.9111328125 17.0711612701416 37.7676620483398 13.7760496139526 230.449005126953 206.688522338867 324.078247070313 299.629852294922 267.586456298828 79.5432662963867 116.986610412598 129.87663269043 165.320404052734 293.323394775391 283.694122314453 155.486099243164 159.592987060547 196.421539306641 193.531326293945 204.181976318359 224.802688598633 136.010330200195 106.848602294922 129.974258422852 252.803405761719
333.424926757813 328.659027099609 340.769927978516 332.181030273438 309.700561523438 332.463745117188 85.1446533203125 96.2826309204102 301.808319091797 276.230621337891 269.098419189453 319.361206054688 328.828674316406 349.349578857422 14.8147039413452 15.2076940536499 11.0585689544678 351.223510742188 299.574310302734 284.647979736328 333.606536865234 356.710876464844 13.8495235443115 30.0597858428955 29.2857265472412 24.4400291442871 353.470458984375 334.152862548828 321.940673828125 311.842010498047 269.271270751953 93.7680053710938 110.113067626953 128.232803344727 278.949310302734 294.252838134766 234.030197143555 145.149124145508 140.694808959961 161.318374633789 184.721450805664 211.718124389648 222.531265258789 157.792449951172 143.695510864258 156.043914794922 251.581573486328
339.508148193359 331.335723876953 352.299072265625 345.0693359375 328.200866699219 1.6603502035141 67.7523880004883 343.093902587891 279.510772705078 260.541748046875 250.251358032227 249.468933105469 271.096832275391 293.792144775391 314.103668212891 1.91267538070679 0.374750375747681 2.73498272895813 356.339660644531 286.670684814453 270.044250488281 315.654632568359 347.401733398438 0.68982982635498 30.8949375152588 40.6161994934082 337.604827880859 327.408569335938 351.937530517578 326.847625732422 181.422286987305 116.040809631348 105.073112487793 158.572036743164 258.715667724609 273.476531982422 159.443710327148 155.874465942383 139.009353637695 151.242568969727 187.943161010742 225.227478027344 222.900131225586 145.853210449219 142.198364257813 228.25569152832 248.122344970703
326.925872802734 335.408081054688 3.64493346214294 336.997192382813 324.738830566406 8.19290542602539 30.1207695007324 16.89723777771 292.196716308594 236.432098388672 218.816009521484 215.277893066406 220.860992431641 265.906677246094 250.276062011719 267.543304443359 339.449249267578 2.94461226463318 340.922485351563 320.719635009766 274.905639648438 289.077026367188 353.096649169922 209.903686523438 71.5642013549805 55.1195259094238 340.229827880859 283.117950439453 307.935546875 67.5861358642578 135.790222167969 116.025543212891 86.1965103149414 124.069564819336 241.710968017578 220.671417236328 136.062347412109 148.620483398438 160.177505493164 150.188812255859 236.231109619141 275.029724121094 213.27864074707 170.16130065918 119.169647216797 236.62321472168 201.783828735352
305.808929443359 300.142181396484 15.1896800994873 8.98794174194336 310.456329345703 325.433502197266 5.64741897583008 34.9055213928223 39.3710708618164 30.1998176574707 219.407150268555 223.409820556641 235.137313842773 272.443603515625 289.392974853516 284.979339599609 284.883575439453 314.427703857422 333.64404296875 349.316070556641 282.232025146484 271.258514404297 74.8677597045898 188.232986450195 133.610794067383 59.1359748840332 353.460693359375 241.887603759766 183.882369995117 158.97200012207 149.095184326172 141.122253417969 88.2473220825195 97.0982360839844 230.365478515625 197.501495361328 148.769897460938 120.996421813965 143.775588989258 241.843475341797 268.493499755859 341.437286376953 29.8982677459717 314.775238037109 348.626495361328 12.734808921814 177.211410522461
328.778961181641 301.287475585938 343.407409667969 350.506164550781 326.110626220703 329.679016113281 17.1697101593018 16.4887886047363 16.466968536377 27.4025840759277 20.3056926727295 256.684814453125 253.803070068359 262.700622558594 289.428802490234 293.928802490234 288.339691162109 310.796356201172 324.462036132813 339.970367431641 305.324554443359 266.904907226563 64.434455871582 76.5520172119141 141.515747070313 36.3925437927246 347.609436035156 142.371826171875 143.437484741211 164.187973022461 173.242935180664 174.044982910156 134.090316772461 113.721641540527 188.379837036133 178.357727050781 164.480026245117 156.812545776367 86.8664321899414 264.105255126953 244.33952331543 241.283111572266 318.678436279297 15.9104270935059 24.8783054351807 359.492156982422 359.042633056641
336.376770019531 324.094512939453 325.691070556641 339.472564697266 354.319854736328 5.42134523391724 4.89332056045532 351.823425292969 349.191314697266 11.187479019165 32.0713386535645 47.6631088256836 258.141052246094 256.845855712891 252.594223022461 256.700592041016 271.230346679688 276.620269775391 277.238037109375 292.159576416016 277.915710449219 223.278503417969 132.784210205078 54.9358177185059 69.4944305419922 163.894195556641 133.410247802734 138.530166625977 131.951965332031 158.514572143555 196.78108215332 178.418594360352 155.557998657227 128.683609008789 138.993118286133 180.261428833008 179.247131347656 177.036315917969 348.134399414063 200.187042236328 224.334487915039 240.521270751953 279.554504394531 302.930053710938 351.125274658203 6.52968835830688 5.49058485031128
316.052001953125 315.141387939453 351.381103515625 288.496032714844 276.572479248047 300.904510498047 349.554107666016 358.345764160156 359.804443359375 359.888946533203 52.7004699707031 50.8854827880859 293.610870361328 276.514343261719 279.373748779297 264.093200683594 248.497161865234 227.664443969727 227.686752319336 215.178939819336 201.312423706055 230.75666809082 239.2958984375 48.3220138549805 88.6215744018555 123.492393493652 133.235763549805 115.042343139648 105.068687438965 108.414894104004 198.955978393555 180.370300292969 174.67951965332 197.729995727539 140.272720336914 165.780334472656 241.571411132813 342.383636474609 21.3748359680176 13.5159044265747 318.210113525391 287.924224853516 300.419067382813 315.872009277344 328.007659912109 2.27167439460754 6.5224027633667
200.996536254883 218.902099609375 235.076202392578 245.872161865234 254.296936035156 229.126007080078 227.004089355469 244.333770751953 323.935638427734 355.306762695313 62.4803085327148 42.6122894287109 342.759124755859 285.927185058594 276.891571044922 207.172637939453 207.413192749023 213.241577148438 238.584014892578 193.30451965332 200.081680297852 236.976348876953 222.371231079102 0.554919123649597 112.950332641602 115.916900634766 134.109298706055 113.936012268066 73.9229354858398 68.6414642333984 111.106155395508 177.738952636719 220.420562744141 210.86442565918 146.570693969727 177.003189086914 287.497680664063 315.928131103516 7.77077198028564 3.87187457084656 347.253601074219 311.221710205078 302.516082763672 337.821075439453 354.958953857422 322.187194824219 340.047027587891
247.804840087891 258.396118164063 265.58837890625 297.425964355469 342.193969726563 330.419281005859 253.340347290039 258.080596923828 303.533569335938 350.921173095703 37.1945762634277 48.5292091369629 0.75963830947876 267.636352539063 191.778167724609 186.56755065918 221.631225585938 239.041656494141 237.288925170898 222.905288696289 144.569442749023 225.028305053711 231.171997070313 182.797592163086 118.848831176758 105.776344299316 112.65113067627 167.90461730957 123.929443359375 102.231880187988 99.7910537719727 123.090728759766 248.864440917969 214.513092041016 256.539245605469 323.045562744141 308.788543701172 310.103302001953 319.253173828125 343.894805908203 359.145751953125 336.055084228516 310.035980224609 320.504791259766 350.387298583984 345.874328613281 324.309600830078
337.819305419922 303.863739013672 285.406646728516 287.514953613281 313.761077880859 13.1477422714233 25.6053619384766 267.500732421875 267.994934082031 28.4807682037354 344.444854736328 47.2388648986816 34.3332252502441 89.7443542480469 230.422424316406 278.297149658203 312.676788330078 275.641143798828 246.148666381836 253.211227416992 210.635040283203 193.314468383789 221.338897705078 169.282577514648 141.815460205078 112.157470703125 90.4524078369141 125.801780700684 151.183776855469 129.885528564453 135.535293579102 280.417602539063 300.163940429688 340.776672363281 323.041381835938 328.555877685547 322.082397460938 314.876953125 314.900329589844 317.558074951172 341.548431396484 341.369079589844 339.667785644531 329.442840576172 315.484771728516 327.988189697266 339.517486572266
203.914825439453 218.666091918945 250.08837890625 279.014984130859 270 51.7616958618164 52.2457580566406 261.277282714844 225.792144775391 206.602676391602 235.521682739258 107.959449768066 38.3377571105957 22.9414501190186 314.910125732422 265.662445068359 290.027282714844 298.174774169922 304.45068359375 261.153198242188 107.314094543457 169.028396606445 165.329864501953 158.039535522461 162.624008178711 172.540679931641 109.352516174316 91.2958831787109 122.801292419434 129.873275756836 189.347595214844 315.242126464844 301.945617675781 320.982360839844 325.263885498047 330.349090576172 339.828399658203 318.580841064453 310.990844726563 312.081787109375 329.339324951172 315.722686767578 332.643768310547 345.566589355469 301.230102539063 271.580413818359 284.050842285156
191.926376342773 220.126708984375 254.878555297852 280.760345458984 285.346221923828 12.3740825653076 35.2988166809082 353.218841552734 245.173187255859 233.419342041016 244.892211914063 216.868041992188 343.381500244141 51.9039916992188 27.6948471069336 292.197601318359 304.406829833984 305.763732910156 304.9345703125 192.54508972168 95.6999053955078 114.687660217285 133.012466430664 150.833953857422 159.653686523438 188.53776550293 174.015609741211 100.229202270508 101.153228759766 109.682174682617 288.401550292969 319.016021728516 318.347503662109 293.704071044922 305.002197265625 318.187408447266 332.749725341797 326.994110107422 305.305633544922 300.445434570313 325.59521484375 316.711273193359 286.659637451172 234.521240234375 222.336349487305 264.801818847656 287.504669189453
327.066162109375 277.690643310547 270.950164794922 256.848907470703 274.49169921875 290.102386474609 348.279266357422 358.495056152344 10.035099029541 271.637451171875 269.754516601563 248.652542114258 269.893463134766 14.5697069168091 353.434020996094 319.798645019531 325.571899414063 331.303314208984 242.554718017578 147.932601928711 106.191734313965 103.804718017578 113.28352355957 131.71012878418 152.504806518555 171.829971313477 193.696914672852 155.630813598633 99.8774490356445 85.9841003417969 282.041839599609 291.849365234375 324.658386230469 255.829879760742 254.01106262207 241.454071044922 249.724334716797 283.873565673828 295.734619140625 298.577362060547 306.708648681641 190.804443359375 164.831008911133 163.406692504883 222.61018371582 288.983459472656 287.401611328125
358.471160888672 335.551696777344 287.578277587891 239.744033813477 255.31396484375 251.990783691406 306.408447265625 359.101501464844 49.8983688354492 355.608367919922 323.327362060547 334.975006103516 332.236541748047 345.602844238281 327.557006835938 309.986083984375 312.901824951172 72.3822708129883 123.591102600098 72.8875961303711 78.2083740234375 102.203048706055 108.289573669434 104.717216491699 137.169586181641 149.68391418457 193.712188720703 192.27766418457 142.9287109375 95.7587738037109 276.226593017578 259.928466796875 204.090759277344 200.312438964844 216.294830322266 215.814666748047 231.775024414063 233.497161865234 262.931518554688 274.122680664063 150.030044555664 168.819717407227 165.580520629883 173.045608520508 247.163421630859 265.205871582031 181.104309082031
354.024200439453 351.219024658203 358.692108154297 281.612945556641 257.145568847656 257.499694824219 279.402130126953 75.4046783447266 36.9219627380371 320.916351318359 313.547058105469 324.091491699219 347.438323974609 18.2261848449707 311.646026611328 295.43359375 173.645523071289 140.740951538086 205.25407409668 237.018585205078 108.008750915527 88.8012313842773 87.4055023193359 80.569450378418 81.9453887939453 97.8364181518555 174.908401489258 178.727081298828 186.05241394043 271.674102783203 288.444793701172 219.41520690918 173.197463989258 191.628265380859 232.533966064453 231.604049682617 217.432067871094 230.696823120117 244.231704711914 226.270812988281 138.690460205078 154.876678466797 177.104782104492 213.890548706055 246.476684570313 223.015289306641 160.225814819336
345.952453613281 299.747619628906 310.031524658203 328.180938720703 271.488708496094 264.839508056641 270 239.444900512695 30.7277507781982 326.098205566406 269.441864013672 264.074371337891 261.630889892578 290.973815917969 312.470977783203 276.209106445313 154.898223876953 60.471809387207 68.554557800293 159.702499389648 159.654312133789 127.096817016602 117.001998901367 87.0061798095703 60.0810775756836 59.3649597167969 80.4205322265625 2.95041418075562 268.580596923828 266.643402099609 269.401916503906 149.150802612305 136.442245483398 236.574325561523 256.744354248047 201.813995361328 210.277328491211 229.642913818359 231.192932128906 221.268569946289 144.532592773438 131.651794433594 244.193496704102 303.012237548828 254.388961791992 219.914245605469 199.224075317383
325.909271240234 306.318176269531 284.752807617188 293.070678710938 9.358229637146 283.099670410156 272.847991943359 267.735565185547 348.34619140625 356.159942626953 334.888854980469 288.638427734375 227.042266845703 239.747100830078 242.564697265625 211.4912109375 302.747344970703 26.6715221405029 74.5371932983398 104.409454345703 137.565444946289 138.913848876953 149.764907836914 176.998489379883 140.214721679688 88.5826568603516 89.4517669677734 68.3229522705078 2.63566565513611 319.658660888672 280.328216552734 319.218414306641 8.19919967651367 309.249725341797 229.150253295898 177.188186645508 210.759552001953 227.058410644531 239.752059936523 235.557830810547 169.716995239258 321.912109375 312.710815429688 335.307708740234 353.305938720703 258.718048095703 273.035705566406
203.727691650391 225.638244628906 214.034759521484 215.35710144043 280.62060546875 293.269897460938 274.33056640625 281.877288818359 258.891174316406 208.428695678711 278.487426757813 174.272003173828 180.430999755859 185.7412109375 185.971237182617 206.692977905273 253.090225219727 174.613433837891 112.846389770508 90 98.8803787231445 115.985809326172 123.014060974121 164.9619140625 180.633010864258 156.732879638672 98.5185470581055 279.443450927734 337.484588623047 345.818481445313 338.813293457031 337.823120117188 26.9956455230713 33.5423011779785 337.836578369141 323.231506347656 322.491638183594 254.796829223633 259.246948242188 248.606353759766 218.595687866211 285.787322998047 295.570526123047 303.122924804688 17.8581600189209 350.741607666016 309.122894287109
