data/Heterogeneo/norestedecolemu/saz.asc
ncols 80
nrows 80
xllcorner 694670.6875
yllcorner 5969804.5
cellsize 100.021875
NODATA_value -9999                                                                              
[rows 21 to 41 of 80, columns 0 to 46 of 80]
190.759048461914 196.176651000977 181.73014831543 230.488677978516 249.211853027344 253.83430480957 265.963165283203 284.447235107422 153.374984741211 183.640319824219 181.925582885742 151.156921386719 154.480361938477 177.88671875 191.825378417969 206.820816040039 209.850738525391 162.612319946289 150.086242675781 96.6948318481445 90.3051910400391 105.162353515625 110.833335876465 130.459442138672 178.885131835938 183.889190673828 335.874298095703 289.525970458984 306.077362060547 345.241302490234 1.63675093650818 1.58456552028656 11.1964063644409 6.49488592147827 1.25796186923981 19.1556797027588 30.239143371582 296.523071289063 273.395477294922 250.265365600586 242.7236328125 251.34245300293 250.440902709961 234.04345703125 271.271789550781 328.523071289063 332.467437744141
184.899124145508 186.746780395508 199.2919921875 254.324768066406 235.171676635742 251.317352294922 257.229583740234 149.150085449219 157.940292358398 175.281646728516 178.77409362793 145.598693847656 145.976287841797 164.195388793945 180.630981445313 208.713897705078 225.039779663086 216.576187133789 163.406478881836 108.265449523926 91.0858840942383 90.9622573852539 91.0907363891602 83.7314605712891 266.222595214844 280.305297851563 313.027221679688 294.873352050781 263.469329833984 258.679718017578 315.531860351563 5.19931602478027 10.0893039703369 358.315948486328 24.3070373535156 76.1941833496094 66.20068359375 301.814178466797 288.362609863281 240.53547668457 214.066635131836 241.17839050293 247.676071166992 244.306884765625 262.315551757813 268.978546142578 261.615509033203
181.73014831543 189.3330078125 235.513610839844 259.050018310547 233.989898681641 266.060760498047 243.860763549805 131.641204833984 143.261566162109 182.377349853516 193.04524230957 158.055740356445 153.894729614258 158.590927124023 172.094924926758 250.34294128418 246.810791015625 209.673782348633 173.8408203125 139.078369140625 91.9986038208008 73.8503875732422 76.0941390991211 84.673210144043 329.138824462891 272.561157226563 272.345855712891 269.7451171875 248.658325195313 225.211822509766 228.200668334961 218.900314331055 127.546691894531 86.5530395507813 72.3589859008789 91.9657287597656 17.6127872467041 304.360137939453 277.604614257813 183.375869750977 212.488800048828 242.155654907227 233.263366699219 245.603668212891 263.690704345703 238.901580810547 185.905136108398
187.097106933594 219.335983276367 244.32861328125 221.990097045898 209.993270874023 220.127182006836 182.340774536133 139.815200805664 124.435539245605 181.079711914063 205.120269775391 143.136459350586 143.942657470703 180.277206420898 252.366653442383 282.593780517578 227.668930053711 171.105377197266 171.701370239258 177.01513671875 122.307914733887 82.6584243774414 97.7640991210938 93.9895858764648 321.092163085938 266.170440673828 224.319763183594 248.15202331543 301.156921386719 352.446655273438 242.747161865234 214.144515991211 216.475601196289 248.678329467773 40.5928497314453 58.7613258361816 339.114288330078 318.884521484375 200.397720336914 179.007659912109 245.297485351563 230.171752929688 225.509780883789 232.28254699707 233.993362426758 187.329132080078 181.181076049805
176.767868041992 234.701278686523 222.586959838867 199.196319580078 199.068145751953 197.311477661133 186.602142333984 172.469284057617 132.54345703125 170.348449707031 197.6484375 141.314987182617 129.480377197266 224.351928710938 247.097640991211 222.710159301758 180.777130126953 151.968765258789 169.784805297852 210.426971435547 183.080581665039 98.6702499389648 90.6345825195313 63.6139984130859 270 91.0281219482422 225.601043701172 255.129089355469 264.562805175781 346.710327148438 22.9516944885254 244.789993286133 281.539337158203 283.158721923828 6.66750907897949 45.806453704834 1.25821673870087 5.95752859115601 112.113319396973 261.763916015625 350.053771972656 333.509582519531 219.742523193359 220.705108642578 209.907196044922 188.970932006836 209.784576416016
180 50.205078125 197.028747558594 192.222244262695 190.616561889648 186.637847900391 208.690002441406 209.679748535156 147.574157714844 153.143356323242 184.710586547852 163.122772216797 132.595031738281 213.113861083984 212.169097900391 189.421722412109 185.89875793457 174.485916137695 181.596405029297 217.123245239258 200.270385742188 130.513229370117 85.4570083618164 88.7038192749023 86.0223617553711 90 238.016876220703 257.442352294922 249.945175170898 259.973419189453 7.39039611816406 355.154632568359 315.186401367188 300.034820556641 343.169921875 32.3416633605957 20.3126316070557 27.0701961517334 21.1127834320068 290.477294921875 331.241149902344 43.5791206359863 116.912445068359 228.395568847656 208.928634643555 187.538070678711 214.232635498047
207.368194580078 243.492828369141 314.872467041016 180 180.120910644531 179.260284423828 234.736099243164 207.085433959961 168.143829345703 140.73291015625 170.936737060547 175.937942504883 151.343307495117 164.916259765625 193.475402832031 181.314788818359 192.325668334961 190.867660522461 186.147811889648 217.970397949219 199.169937133789 151.937026977539 134.259735107422 129.714935302734 219.645141601563 106.252143859863 350.017211914063 283.655822753906 284.362152099609 278.0400390625 334.452697753906 351.066741943359 310.286407470703 310.101104736328 316.985260009766 31.3421974182129 27.7812995910645 31.8998279571533 24.2045059204102 317.911651611328 309.164794921875 64.5770492553711 67.9558258056641 265.684326171875 218.812347412109 127.747825622559 258.79931640625
335.919586181641 299.561553955078 207.834014892578 181.925689697266 180 245.643005371094 347.114135742188 197.483322143555 184.183929443359 151.101898193359 163.900604248047 180 161.94172668457 180 333.083465576172 180 57.76318359375 177.217483520508 190.566879272461 222.392486572266 199.699844360352 173.101058959961 163.867889404297 235.160552978516 252.136596679688 269.525207519531 336.674865722656 304.419738769531 304.592163085938 302.261505126953 343.61962890625 348.882019042969 304.292236328125 298.638946533203 274.186981201172 42.1168403625488 25.4917507171631 11.0737199783325 11.8264713287354 359.935852050781 345.616455078125 65.5310287475586 51.2720222473145 332.18505859375 229.498336791992 293.580474853516 340.675720214844
0 8.14313793182373 5.17859983444214 358.483947753906 358.429992675781 357.442749023438 301.647003173828 273.935211181641 174.267837524414 159.10090637207 180 180 186.726608276367 277.907165527344 197.864227294922 180 191.544296264648 334.20751953125 358.043151855469 9.18374252319336 245.390625 248.548202514648 352.454772949219 308.123107910156 293.181304931641 296.244384765625 320.227264404297 309.83984375 290.502136230469 287.028381347656 313.089447021484 354.218963623047 335.679656982422 260.311248779297 236.03759765625 278.581726074219 358.552642822266 10.3528327941895 359.428192138672 2.73611545562744 29.5232219696045 55.4432792663574 35.5675392150879 21.8453731536865 356.714233398438 285.17138671875 321.927520751953
0.976963460445404 352.846923828125 344.620056152344 347.829986572266 12.0772914886475 42.1839561462402 47.1251945495605 4.16488122940063 0.487058699131012 30.1358222961426 0 321.772521972656 352.587036132813 4.23218870162964 2.17311358451843 0.352931648492813 348.056121826172 338.494598388672 4.01806735992432 16.6006526947021 325.404357910156 332.725646972656 347.031494140625 330.372863769531 278.009582519531 280.852661132813 296.574829101563 314.053375244141 283.535675048828 277.954132080078 276.714233398438 326.743377685547 19.864372253418 19.7290706634521 272.531646728516 270.717926025391 296.972503662109 24.5494899749756 356.510681152344 343.223663330078 44.7106285095215 33.6676216125488 17.7813091278076 26.108606338501 29.714054107666 304.788482666016 284.985748291016
355.481323242188 341.471343994141 343.510101318359 4.69974422454834 43.0088806152344 61.3406028747559 32.8104057312012 1.12290334701538 28.9454460144043 29.5832500457764 5.07333135604858 356.457855224609 298.784759521484 304.328247070313 337.601379394531 353.639312744141 2.18539500236511 20.8637313842773 44.3601531982422 25.7425403594971 338.378723144531 341.792510986328 9.45297050476074 61.7128295898438 266.345489501953 257.916564941406 252.603546142578 267.222930908203 270.910003662109 271.520324707031 272.745819091797 278.355865478516 326.419281005859 15.1014747619629 344.001770019531 289.964782714844 267.339202880859 274.122222900391 348.75 10.44544506073 324.826354980469 16.2146663665771 31.9651966094971 31.3565216064453 43.2572288513184 0.456380873918533 286.302032470703
0.325693637132645 349.228485107422 342.658752441406 40.813907623291 66.2898788452148 65.3393402099609 353.72216796875 347.956390380859 18.8624305725098 21.0585403442383 19.7922954559326 3.26531147956848 337.916839599609 283.72314453125 281.169311523438 333.920013427734 32.9925956726074 62.6552314758301 47.1418380737305 1.40786492824554 346.541687011719 342.216949462891 42.9604721069336 85.8172225952148 110.743606567383 255.601364135742 246.628845214844 233.875137329102 218.483352661133 222.65592956543 229.170364379883 229.766235351563 262.451782226563 267.408813476563 339.164764404297 312.328857421875 294.493927001953 326.899078369141 257.516693115234 283.662231445313 305.013671875 346.672882080078 33.19970703125 43.3155975341797 51.8535041809082 350.049072265625 316.495910644531
25.2231330871582 13.3731422424316 7.18998622894287 51.7072105407715 55.0265007019043 49.7954864501953 335.964172363281 317.58056640625 12.6291017532349 37.1322250366211 20.8372497558594 353.427368164063 6.39076948165894 320.288726806641 264.699462890625 285.703277587891 58.7873840332031 62.9638595581055 7.39374732971191 326.448028564453 344.914215087891 36.0969772338867 91.7604751586914 91.0751953125 108.125526428223 266.703063964844 228.392517089844 197.768844604492 194.054351806641 217.475494384766 222.671829223633 230.620223999023 231.309722900391 190.161056518555 200.489593505859 194.506042480469 197.001113891602 176.387878417969 179.985107421875 217.696151733398 298.892395019531 275.429962158203 10.4022359848022 46.0942878723145 33.3155822753906 347.538208007813 327.250183105469
298.384735107422 345.191528320313 24.354944229126 0.939976692199707 19.0411720275879 37.0194358825684 355.329193115234 299.732513427734 15.3066625595093 43.3275604248047 0.112455449998379 343.300811767578 32.9032745361328 36.1687927246094 277.64794921875 262.045562744141 45.7805328369141 43.563289642334 355.521759033203 328.596405029297 9.80897235870361 87.5430526733398 88.4835357666016 75.5984802246094 13.0054092407227 262.217529296875 225.325286865234 234.727737426758 207.935363769531 246.273941040039 230.52571105957 242.213775634766 207.676025390625 165.521133422852 175.245498657227 195.184753417969 204.303375244141 188.564971923828 217.288070678711 256.598205566406 286.013824462891 275.811553955078 193.205780029297 10.9889011383057 12.6436834335327 349.668334960938 324.003875732422
334.060852050781 331.892547607422 13.1119728088379 331.175842285156 356.824951171875 44.7646369934082 17.503885269165 297.828247070313 329.317840576172 19.5461597442627 5.2252254486084 3.64300560951233 39.9908981323242 21.8747787475586 320.098693847656 287.425598144531 336.999938964844 10.9008817672729 348.119079589844 341.723846435547 47.5115852355957 72.9761734008789 72.0683288574219 54.6970024108887 24.1771621704102 0.109814904630184 310.436981201172 346.991577148438 336.031585693359 290.403350830078 256.393005371094 247.863632202148 188.94775390625 160.970413208008 164.828033447266 212.037658691406 227.427139282227 241.618286132813 284.255981445313 294.708404541016 278.271423339844 345.573089599609 19.2591152191162 353.597442626953 328.591918945313 323.905120849609 317.492523193359
349.733093261719 303.939880371094 337.258819580078 317.428649902344 319.379119873047 56.4975166320801 21.8973407745361 307.882354736328 292.579223632813 338.798400878906 6.28308916091919 11.2003173828125 25.9691562652588 6.62893486022949 342.532073974609 330.4111328125 335.34326171875 357.243621826172 349.875701904297 354.007873535156 54.9659576416016 55.7502937316895 47.9881324768066 18.7257080078125 7.30433130264282 358.599517822266 331.068023681641 349.179046630859 19.0853252410889 357.354919433594 265.143524169922 214.092926025391 169.767761230469 173.298828125 196.98600769043 272.679504394531 269.386749267578 294.159881591797 291.871551513672 308.2412109375 260.919494628906 184.297164916992 295.679077148438 327.19580078125 332.850250244141 328.048492431641 312.226440429688
325.705413818359 270.309631347656 297.554718017578 305.427551269531 292.416687011719 36.8131332397461 14.9928216934204 347.511993408203 292.433471679688 276.437042236328 327.388305664063 349.687713623047 4.66472911834717 359.519653320313 333.517700195313 327.075866699219 321.812255859375 342.263519287109 353.600769042969 4.37866926193237 47.5367698669434 34.9830093383789 19.6863918304443 20.1649894714355 33.2951736450195 345.032501220703 320.513793945313 355.302307128906 23.8804626464844 36.0304412841797 355.894927978516 220.471817016602 233.246475219727 339.397308349609 307.433197021484 291.900390625 274.90966796875 296.439544677734 266.90869140625 243.123657226563 162.426895141602 188.274429321289 273.229675292969 289.815521240234 236.417999267578 335.511322021484 281.241607666016
358.632476806641 264.201629638672 299.3876953125 284.692047119141 280.868743896484 325.852478027344 340.44091796875 2.15693402290344 351.42578125 297.226379394531 284.116546630859 322.453552246094 348.802978515625 12.0998945236206 325.544464111328 281.795471191406 224.893081665039 256.265899658203 275.908233642578 285.399932861328 346.409088134766 16.4354648590088 20.706226348877 34.2658309936523 40.7512702941895 22.8432903289795 295.486602783203 331.115447998047 19.7726783752441 26.2276935577393 20.1580142974854 16.0007247924805 339.3115234375 344.912628173828 342.134552001953 312.088684082031 275.834655761719 249.580291748047 203.000762939453 199.85237121582 157.645797729492 215.588516235352 255.643997192383 212.550262451172 204.54084777832 230.672698974609 199.349594116211
90 268.321014404297 280.906555175781 234.254013061523 244.018218994141 267.806243896484 295.988861083984 315.213897705078 354.702453613281 316.800750732422 277.551513671875 276.194274902344 212.067504882813 56.6879234313965 7.84315156936646 257.763488769531 303.048065185547 326.263031005859 335.462219238281 303.302734375 303.828857421875 7.12451362609863 31.250129699707 35.9650726318359 41.318904876709 31.3350563049316 313.570953369141 306.660125732422 20.2498722076416 30.7720851898193 24.3889484405518 13.4268236160278 330.333282470703 336.730590820313 10.3384447097778 17.7031745910645 291.018829345703 200.586059570313 206.850524902344 209.746276855469 187.581130981445 206.69026184082 209.139068603516 189.653350830078 185.949615478516 195.576293945313 176.749740600586
90 273.857177734375 221.477447509766 200.574844360352 236.411911010742 246.80940246582 258.036468505859 207.637023925781 180.55989074707 244.840408325195 313.528839111328 255.74658203125 221.703109741211 261.014770507813 348.598602294922 311.923278808594 306.911773681641 322.658782958984 355.394775390625 343.917236328125 318.964202880859 296.648284912109 12.9582662582397 26.1345825195313 34.8978233337402 29.5674133300781 336.166198730469 299.358489990234 15.9354610443115 18.6598587036133 21.3897285461426 19.5523891448975 333.409393310547 326.106536865234 44.533992767334 33.0634307861328 28.2538681030273 78.6709213256836 228.577896118164 203.823623657227 186.899719238281 190.624649047852 198.253082275391 192.478790283203 192.569564819336 213.550231933594 218.480133056641
-1 278.256958007813 180 278.810607910156 264.576019287109 245.787734985352 211.136810302734 182.197219848633 212.935089111328 264.640319824219 303.016876220703 348.520294189453 345.056732177734 285.814270019531 317.730072021484 314.072540283203 296.618835449219 268.83837890625 219.733871459961 346.80859375 324.691711425781 295.410430908203 281.611999511719 15.8275270462036 49.2159957885742 59.6592178344727 332.707794189453 288.491790771484 272.013916015625 2.1659677028656 42.6320304870605 34.7495002746582 337.455688476563 316.468811035156 25.9346561431885 23.3735046386719 21.5413970947266 19.9528827667236 17.4930591583252 23.5893230438232 348.786071777344 330.005554199219 259.088256835938 199.05778503418 257.089019775391 245.452514648438 241.657531738281
