data/Heterogeneo/norestedecolemu/slope.asc
ncols 80
nrows 80
xllcorner 694670.6875
yllcorner 5969804.5
cellsize 100.021875
NODATA_value -9999                                                                              
[rows 60 to 79 of 80, columns 0 to 45 of 80]
5.0841212272644 5.08428716659546 5.69532299041748 5.7261700630188 1.22971343994141 4.12459325790405 2.07475233078003 1.05909061431885 0.747943162918091 0.747943162918091 0.747943162918091 1.05909061431885 1.05909061431885 1.49588632583618 4.25000953674316 0.992423355579376 0.747943162918091 0.747943162918091 1.05909061431885 1.05909061431885 1.05909061431885 0.749835968017578 0.747943162918091 5.97040319442749 29.2457027435303 26.6510772705078 9.60971736907959 12.804012298584 44.7863121032715 66.7728424072266 49.2099647521973 51.6804161071777 47.1757545471191 23.150463104248 6.05642223358154 53.2865333557129 57.2052230834961 42.9172172546387 60.2554473876953 72.3903503417969 27.297290802002 21.0790061950684 43.4266052246094 20.6189613342285 31.2364044189453 65.6507949829102
0.747943162918091 0.747943162918091 0.706957280635834 0.747943162918091 0 0.747943162918091 0.747943162918091 0 0.747943162918091 0.747943162918091 0.747943162918091 0 0.747943162918091 0.747943162918091 0.747943162918091 0.747943162918091 0.747943162918091 0.747943162918091 0.747943162918091 0 0.749835968017578 1.05909061431885 0.747943162918091 0 3.606689453125 3.65450572967529 0.00683050509542227 0.0459884591400623 7.40816688537598 26.9630947113037 53.670581817627 39.7593765258789 28.0766468048096 10.953426361084 5.88505220413208 60.1217041015625 79.9374313354492 39.7940063476563 69.0895462036133 79.3982696533203 62.4371223449707 51.1628303527832 63.6829261779785 66.5735321044922 27.4569931030273 4.02328824996948
0.747943162918091 0 0 0.747943162918091 0.747943162918091 0.747943162918091 0.747943162918091 1.05909061431885 1.05909061431885 0.747943162918091 1.05909061431885 1.05909061431885 0 0 0 0 0 0.747943162918091 0.747943162918091 0.747943162918091 0 0.747943162918091 1.05909061431885 1.05909061431885 0.747943162918091 0.747943162918091 0.747943162918091 0.747943162918091 0.717262327671051 3.73054504394531 24.9978446960449 21.443826675415 11.2040157318115 2.14466214179993 7.29914903640747 57.3601875305176 79.6775360107422 67.2332153320313 48.9091415405273 82.5074996948242 95.785270690918 72.2943954467773 68.6863098144531 73.2340545654297 79.5144500732422 62.8581962585449
1.05909061431885 1.05909061431885 1.05909061431885 1.05909061431885 0.747943162918091 0.747943162918091 0.747943162918091 0.747943162918091 0 0 0 1.05909061431885 1.05909061431885 0.747943162918091 0.747943162918091 0.747943162918091 1.05909061431885 1.05909061431885 0.747943162918091 1.05909061431885 1.05909061431885 0 0 0.747943162918091 0.747943162918091 0.747943162918091 0.747943162918091 0.747943162918091 1.05909061431885 0.751428484916687 3.49451661109924 3.42728447914124 0.214226752519608 17.5187244415283 33.4373741149902 61.1977386474609 68.1492233276367 90.6565856933594 76.391975402832 47.368724822998 89.8596496582031 89.689567565918 64.2311782836914 68.9450607299805 106.594459533691 89.551025390625
0.747943162918091 1.49588632583618 1.49588632583618 0.747943162918091 0.747943162918091 0.747943162918091 0.747943162918091 0 0 0 0 0 0.747943162918091 0.747943162918091 0.747943162918091 0.747943162918091 0.747943162918091 0 0 0 1.05909061431885 1.05909061431885 0 0 0 0 0 0 0.749835968017578 0.749835968017578 0 2.70379567146301 25.0880451202393 48.480411529541 64.6907424926758 87.1247863769531 81.8873825073242 85.1705627441406 54.830940246582 7.21620273590088 16.4468326568604 34.4054985046387 16.4604225158691 18.4949016571045 70.6519165039063 86.5117645263672
0.747943162918091 0.747943162918091 0.747943162918091 0.747943162918091 0.747943162918091 0.747943162918091 0.749835968017578 0.749835968017578 0 0 0 0.747943162918091 0.747943162918091 0.747943162918091 0.747943162918091 0.747943162918091 0.747943162918091 0 0 0.747943162918091 0.747943162918091 0.749835968017578 0.749835968017578 0 0.747943162918091 0 0.747943162918091 0 0.749835968017578 0.749835968017578 1.69478964805603 18.4370193481445 48.9352874755859 53.8758735656738 58.6372489929199 78.1931686401367 57.6819496154785 31.7401485443115 37.4713745117188 32.9701728820801 35.3640823364258 35.6425018310547 54.3925285339355 54.8078269958496 40.504020690918 27.5011329650879
0 0 0 0 0 1.05909061431885 1.05909061431885 0 0 0.747943162918091 1.05909061431885 1.05909061431885 0.747943162918091 0.747943162918091 0.747943162918091 0.747943162918091 1.05909061431885 1.05909061431885 1.05909061431885 1.05909061431885 0.747943162918091 0.747943162918091 0 0.749835968017578 0 0 0.747943162918091 0.749835968017578 0.749835968017578 0.749835968017578 4.06240177154541 36.1003265380859 52.4775314331055 52.4714698791504 54.3842353820801 37.6056671142578 16.3874320983887 19.0516357421875 53.278003692627 51.2726097106934 42.7903671264648 65.8820953369141 71.7468719482422 76.31396484375 67.6200942993164 67.3951873779297
0 0 0 0 1.05909061431885 1.05909061431885 0 0.747943162918091 1.05909061431885 1.05909061431885 0.747943162918091 0 0 0 0 0 0 0.747943162918091 0.747943162918091 0 0 0.747943162918091 0.747943162918091 0 0.747943162918091 0.749835968017578 0.747943162918091 0.749835968017578 0.749835968017578 0.749835968017578 2.43345141410828 26.4460144042969 75.1126861572266 57.0379295349121 33.0006065368652 37.6715393066406 33.2848472595215 41.3785858154297 57.256477355957 57.9501419067383 60.4287376403809 77.2628707885742 58.7165641784668 78.1157760620117 74.2038955688477 63.2394104003906
0.747943162918091 0.747943162918091 0.747943162918091 1.05909061431885 1.05909061431885 0 1.05909061431885 1.05909061431885 0.747943162918091 0 0 0.747943162918091 0.747943162918091 0.747943162918091 0.747943162918091 0.747943162918091 0.747943162918091 0 0 0.747943162918091 1.05909061431885 1.05909061431885 1.05909061431885 0.749835968017578 0 0 0.747943162918091 0 0.749835968017578 0.749835968017578 0.0555074363946915 5.48490047454834 37.7948913574219 77.8478775024414 70.9624252319336 51.3195915222168 23.6244468688965 60.6079444885254 50.5301628112793 85.3865509033203 72.9708786010742 51.7383766174316 24.4658107757568 69.3894195556641 73.1062545776367 71.6076965332031
0.747943162918091 0.747943162918091 0.747943162918091 0.747943162918091 0 0.749835968017578 1.05909061431885 0.747943162918091 0.747943162918091 0.747943162918091 1.05909061431885 1.35905528068542 2.20595932006836 1.96926832199097 1.215212225914 0.747943162918091 1.05909061431885 0.749835968017578 0.749835968017578 1.05909061431885 0.747943162918091 0 0.749835968017578 1.05909061431885 0 0 0 0 0.749835968017578 1.05909061431885 0 0.0825846120715141 6.42454624176025 36.7145729064941 67.4183731079102 54.9350242614746 38.6462211608887 68.4504776000977 71.31494140625 61.4760055541992 50.9855804443359 44.3889274597168 102.782638549805 93.6469192504883 58.386791229248 64.9245147705078
0 0 0.747943162918091 0.747943162918091 0.747943162918091 1.05909061431885 1.49967193603516 1.05909061431885 1.49588632583618 2.48807001113892 2.96969437599182 16.0478363037109 45.8884124755859 36.290699005127 19.0764713287354 2.30769443511963 0.749835968017578 1.05909061431885 1.05909061431885 0.749835968017578 0 1.9774169921875 2.08288049697876 1.70659255981445 1.67329907417297 2.01660680770874 2.01660680770874 2.01660680770874 2.01660680770874 1.47368967533112 1.67329907417297 0.747943162918091 0.698096036911011 9.22800445556641 58.4716300964355 51.9743957519531 75.1260375976563 72.6176147460938 40.7081069946289 11.5800838470459 56.1278877258301 74.1865997314453 80.2299880981445 69.5214462280273 34.1341590881348 20.7207698822021
0.747943162918091 1.05909061431885 1.05909061431885 0.747943162918091 0.747943162918091 0.747943162918091 1.05909061431885 1.49967193603516 1.93992924690247 27.886589050293 51.169376373291 69.2434768676758 71.4435577392578 49.9127464294434 36.8470916748047 19.179988861084 2.26536583900452 0.747943162918091 0.747943162918091 0 2.90337896347046 30.4179248809814 32.6714324951172 3.77068972587585 1.50957500934601 1.58436107635498 2.24382948875427 2.24382948875427 2.24382948875427 2.25536298751831 1.58436107635498 1.67329907417297 0.771657347679138 4.58273458480835 34.3472671508789 51.2968521118164 61.2700881958008 22.6082515716553 5.11291313171387 7.09153461456299 44.7931747436523 64.761360168457 87.6673202514648 73.0428009033203 44.0381851196289 69.1139068603516
0.747943162918091 0.747943162918091 0.747943162918091 0.747943162918091 0.747943162918091 1.05909061431885 1.05909061431885 0.850639224052429 27.9406452178955 54.0724906921387 70.5935592651367 75.7443542480469 20.7700061798096 55.8309440612793 41.518123626709 14.5037384033203 2.04952073097229 1.15505158901215 0.747943162918091 2.12659811973572 30.4273643493652 35.2888946533203 42.3505706787109 32.1944236755371 2.7850706577301 0.968224346637726 0.912909507751465 0.520720481872559 0.227222725749016 0.227222725749016 0 1.05909061431885 1.05909061431885 0.511964738368988 5.41394424438477 33.4716339111328 7.76233720779419 1.82970201969147 2.84829807281494 22.9217491149902 59.4058723449707 68.5578765869141 41.806022644043 57.8184013366699 61.8654098510742 91.3193893432617
0.747943162918091 1.05909061431885 2.09834933280945 1.49588632583618 1.33229947090149 1.21185684204102 0.463913708925247 1.9463062286377 38.275260925293 70.343391418457 73.8448333740234 54.1432228088379 48.5437622070313 42.5449485778809 43.2249298095703 27.5482902526855 4.5977520942688 15.605658531189 2.83658170700073 0.230922728776932 19.7085018157959 44.2482986450195 21.2225475311279 34.2196807861328 3.10445857048035 0.0664413049817085 0.747943162918091 1.05909061431885 1.05909061431885 0 0 0 1.05909061431885 0.749835968017578 0.504283666610718 3.02101492881775 0.185784742236137 0.747943162918091 2.3166196346283 23.5440521240234 55.8098411560059 53.7649002075195 68.4616470336914 61.3246002197266 76.3633193969727 78.7283020019531
1.49588632583618 1.88005101680756 14.6372480392456 5.49547719955444 14.9270648956299 18.0173149108887 18.6518611907959 33.8648376464844 69.9710464477539 74.6748046875 67.8364791870117 33.4716186523438 67.4075927734375 33.6684036254883 29.5442085266113 38.5037536621094 21.0520343780518 34.2352447509766 16.9215984344482 3.4876492023468 2.51309108734131 26.5632820129395 16.8144226074219 22.811897277832 2.48299193382263 0 0 0 1.05909061431885 1.05909061431885 0 0 0.749835968017578 1.05909061431885 0.747943162918091 0.918360590934753 0.747943162918091 0.747943162918091 0.0684836283326149 4.8287615776062 31.2228450775146 57.293327331543 62.3045539855957 73.4684677124023 73.4894790649414 57.2186393737793
0.665561139583588 19.7383499145508 19.4661636352539 24.41872215271 37.1582641601563 30.4695796966553 35.2669715881348 42.4159927368164 65.8054046630859 68.9170684814453 56.3954963684082 53.0313262939453 85.3020172119141 74.4574356079102 54.5388679504395 57.1765899658203 83.5367660522461 60.9567718505859 61.4680938720703 36.6910705566406 4.71959781646729 17.9962902069092 17.8270664215088 35.6761093139648 25.5818214416504 2.69166231155396 0.00838833954185247 0 0 1.05909061431885 1.05909061431885 0 0 0.747943162918091 0.747943162918091 0.747943162918091 0.747943162918091 1.05909061431885 1.05909061431885 0.0903356745839119 4.46021127700806 20.8264312744141 24.0670604705811 39.5374450683594 36.0316429138184 20.7689819335938
15.2189464569092 25.5477447509766 22.0323295593262 36.1247711181641 38.1137428283691 37.6248397827148 38.8556365966797 38.7757797241211 69.3423004150391 69.0465850830078 66.4988784790039 51.2789535522461 78.6832580566406 77.8806228637695 79.6341094970703 88.4007797241211 90.5130615234375 68.1461334228516 65.8178939819336 62.095890045166 36.2041816711426 13.6769199371338 37.2253265380859 16.9060039520264 47.1773338317871 38.1502304077148 4.19503974914551 1.99912738800049 0 0 1.05909061431885 0.749835968017578 0 0 0 0 0 0 1.05909061431885 1.05909061431885 0.688980877399445 1.20239007472992 1.76305139064789 3.22576022148132 2.65231394767761 1.24444603919983
33.3300666809082 34.6286849975586 32.4805068969727 34.6864433288574 40.609260559082 45.7625350952148 55.6560440063477 43.1485404968262 66.7002105712891 62.1061706542969 64.7390594482422 24.3673076629639 61.4380035400391 48.979061126709 70.0216903686523 74.2201614379883 35.1384658813477 62.3263664245605 57.1045684814453 54.0178871154785 49.5344123840332 20.0775089263916 36.3796615600586 33.8109092712402 18.8493232727051 48.2284736633301 46.3955955505371 31.327974319458 2.85113310813904 0 0.749835968017578 1.05909061431885 0.747943162918091 0 0 0 0 0 0 0.747943162918091 1.05909061431885 1.05909061431885 0.747943162918091 0.833151876926422 0.833151876926422 0
33.4524955749512 33.0346298217773 27.1888828277588 43.3151664733887 56.1512489318848 60.5005760192871 57.1805801391602 73.1393203735352 32.7333145141602 82.0529708862305 78.1887435913086 16.12451171875 42.8528060913086 61.003490447998 56.1192359924316 51.0603446960449 38.4448432922363 55.0526847839355 70.1985168457031 26.242015838623 51.4227142333984 49.6725769042969 21.757152557373 36.7697525024414 3.92456841468811 4.23843383789063 16.4305057525635 32.2706413269043 31.199592590332 2.03300452232361 0 0.747943162918091 1.05909061431885 1.05909061431885 0.747943162918091 0.747943162918091 0.747943162918091 0 0 0 0 0.747943162918091 0.747943162918091 0.747943162918091 1.05909061431885 1.05909061431885
10.8354911804199 17.4114608764648 25.8876686096191 52.5178565979004 52.7917060852051 38.5231323242188 24.0556316375732 49.5895156860352 30.2124443054199 57.9977798461914 77.7800064086914 21.2031421661377 10.2511434555054 25.3342475891113 30.2582855224609 51.2573852539063 54.7097816467285 57.9110450744629 56.9492530822754 7.22191476821899 17.6031036376953 38.9780349731445 24.2217636108398 21.211275100708 16.1238899230957 16.90744972229 37.2157745361328 34.4960060119629 3.00053071975708 0 0 0 0 0.747943162918091 0.747943162918091 0.747943162918091 1.05909061431885 0.749835968017578 0 0 0 0 0 0 0 0.747943162918091
