data/Heterogeneo/norestedecolemu/slope.asc
ncols 80
nrows 80
xllcorner 694670.6875
yllcorner 5969804.5
cellsize 100.021875
NODATA_value -9999                                                                              
[rows 40 to 59 of 80, columns 0 to 45 of 80]
0.318510949611664 10.2741928100586 12.8053169250488 17.6365146636963 18.2759399414063 12.0503625869751 13.2921895980835 12.0110759735107 9.72540283203125 4.34140348434448 15.2626991271973 8.1282434463501 10.1954975128174 9.39616012573242 6.36281108856201 17.0051727294922 36.7644958496094 33.3491439819336 24.6385707855225 22.7750148773193 10.5433034896851 12.165168762207 24.9604206085205 42.0381736755371 54.9510726928711 80.7367935180664 69.553955078125 54.7250862121582 17.4093551635742 65.1223220825195 69.0072250366211 75.152099609375 70.54638671875 55.2450752258301 52.2077217102051 56.9258117675781 31.2111015319824 10.0228176116943 20.7736778259277 49.4055519104004 63.9668655395508 52.6126403808594 79.4212341308594 83.7024993896484 79.3810195922852 76.2421035766602
0 2.21224594116211 11.2191476821899 7.31568098068237 19.0304317474365 13.5048236846924 11.1054058074951 18.6649627685547 18.2970809936523 25.7526321411133 20.7662944793701 8.31215953826904 12.013596534729 6.38264942169189 17.019100189209 30.5606117248535 29.1640014648438 16.9719352722168 5.83554172515869 8.77603816986084 5.38644218444824 16.2351589202881 7.51386165618896 24.9172134399414 38.2734031677246 39.4385223388672 32.9681739807129 25.2867565155029 12.0723609924316 31.5351371765137 43.5027046203613 39.0073356628418 44.343921661377 25.9920234680176 29.6997547149658 54.4883308410645 54.7083435058594 54.9098739624023 45.4178428649902 29.6480197906494 7.03623962402344 23.1823463439941 6.95010852813721 24.8538417816162 24.6426315307617 54.1025428771973
3.46514892578125 1.22922086715698 11.7021713256836 25.203311920166 13.1088523864746 3.37933874130249 6.7369532585144 6.76904344558716 18.7372283935547 30.7276763916016 23.0611190795898 8.93826866149902 8.38660049438477 11.4302139282227 27.2967529296875 16.4629783630371 7.78171443939209 16.2896289825439 22.3373031616211 15.5962619781494 5.59391069412231 8.80700492858887 18.9613800048828 6.72603178024292 36.164794921875 39.4791870117188 28.3321151733398 19.449577331543 22.1622543334961 13.120174407959 31.0541229248047 36.282772064209 40.5472831726074 27.7143840789795 26.4986419677734 34.5681457519531 49.3089904785156 49.9704360961914 58.3917808532715 61.9207153320313 64.4113540649414 57.8912315368652 51.1075820922852 31.93088722229 38.2898941040039 16.5196800231934
3.89449334144592 17.0537662506104 27.8222694396973 16.9974021911621 4.79268455505371 9.11120414733887 20.9553184509277 10.2531061172485 8.552077293396 8.60261058807373 16.0853176116943 23.9478340148926 11.7955169677734 16.5622520446777 16.4048042297363 9.22132015228271 16.7312355041504 11.4075622558594 18.1032676696777 24.9184837341309 12.163330078125 7.96543407440186 15.5746059417725 15.2795333862305 16.2374153137207 27.437816619873 21.8602981567383 12.8220443725586 15.762113571167 5.96922969818115 8.79439067840576 26.7241649627686 25.03515625 11.0573759078979 9.54038143157959 21.3027763366699 24.8150463104248 32.691349029541 38.9924736022949 47.8719215393066 61.4370040893555 49.8469924926758 73.6073989868164 60.6276321411133 32.2985305786133 8.43581295013428
14.906569480896 23.0663604736328 16.9310245513916 5.26740264892578 11.9600210189819 20.3108539581299 10.4024343490601 9.96774673461914 7.5963716506958 12.8924036026001 5.17672634124756 22.7920951843262 22.4061183929443 10.4681005477905 15.3253240585327 17.8749542236328 20.3757629394531 12.0579395294189 7.13659715652466 12.7258768081665 14.2205543518066 22.3722686767578 25.0693416595459 6.63938665390015 15.5328512191772 14.9024019241333 1.9194461107254 5.76614427566528 20.0142059326172 11.8929014205933 1.58655488491058 4.31024360656738 5.00609254837036 3.04337978363037 8.07420825958252 16.4759502410889 13.3626270294189 13.3288021087646 14.6535568237305 16.2585983276367 29.1008281707764 18.4510078430176 30.9822692871094 50.8090782165527 59.1708030700684 41.8338356018066
9.70256996154785 14.1343393325806 9.4605770111084 8.67145538330078 17.9222087860107 21.4500160217285 2.1202666759491 6.22677135467529 6.56067276000977 11.9879846572876 13.1472940444946 17.2745513916016 27.7975540161133 23.4828338623047 30.6412143707275 25.3759422302246 23.8830490112305 29.5273933410645 15.8741588592529 30.1511669158936 32.5956344604492 13.6814842224121 8.38624858856201 6.48967695236206 22.5095958709717 12.7256708145142 3.3420135974884 2.38085460662842 19.083438873291 18.6920318603516 11.4469156265259 1.65479385852814 0.354136288166046 1.84940409660339 15.8071870803833 17.1461734771729 11.309250831604 9.67814922332764 6.30088043212891 18.1125202178955 23.0660495758057 41.2907791137695 44.696216583252 6.0075216293335 24.4169216156006 56.910587310791
11.3340930938721 18.8965225219727 8.82921981811523 13.7403011322021 16.5502853393555 11.4490423202515 12.9327993392944 13.7378931045532 12.4863910675049 28.7340602874756 24.0713424682617 20.2012634277344 20.9857597351074 22.391263961792 36.234130859375 47.1474609375 46.0566749572754 63.9856872558594 44.3206977844238 27.8017444610596 8.43390846252441 12.9799642562866 16.9882793426514 19.238805770874 25.872142791748 4.1702733039856 0.771978437900543 1.23848843574524 17.1438407897949 9.67614269256592 17.5169277191162 11.4360427856445 0.517709016799927 1.93644320964813 18.6797790527344 15.8140048980713 17.4625358581543 17.071310043335 7.22020769119263 16.6315765380859 60.0005683898926 73.0072250366211 77.9734268188477 58.1234474182129 56.9820022583008 24.7538566589355
8.76544761657715 24.1290645599365 17.9785614013672 4.82602691650391 13.6836709976196 16.7958679199219 14.2983160018921 18.068380355835 21.8615989685059 35.2151756286621 26.6866359710693 26.0856246948242 19.5511703491211 27.8121032714844 38.4693870544434 55.3418045043945 69.5642929077148 72.1677780151367 71.137077331543 27.8537654876709 30.5599822998047 9.21362018585205 25.5454235076904 33.4219970703125 20.2158260345459 5.19211483001709 12.6410007476807 13.4421081542969 16.3491611480713 14.8348026275635 9.3687915802002 18.2060585021973 1.18746447563171 11.6652936935425 11.071759223938 18.3605918884277 19.6031398773193 17.3218116760254 13.9523220062256 40.2639579772949 69.6652450561523 69.3117599487305 78.9984588623047 76.733528137207 77.1016464233398 71.4005126953125
3.37272334098816 16.3800868988037 23.2728233337402 7.68893432617188 3.48372268676758 3.28953576087952 19.1101589202881 32.3335037231445 42.2986106872559 37.6190338134766 42.366325378418 23.4787178039551 26.8072719573975 50.4021148681641 54.2891693115234 53.5629768371582 53.7864685058594 96.1085662841797 68.0194778442383 22.9397716522217 37.8674430847168 15.8778018951416 24.0034885406494 36.461067199707 18.0846462249756 28.0756072998047 18.9419059753418 19.4494209289551 21.4837036132813 11.9315338134766 11.6534023284912 24.0635795593262 26.138614654541 17.4644927978516 14.5700130462646 24.3260250091553 31.1969699859619 49.2514610290527 55.1314697265625 43.3275260925293 75.3280334472656 61.4968338012695 64.9200134277344 63.7859802246094 59.0599517822266 83.366325378418
7.37496042251587 13.8148469924927 7.65995073318481 6.70639038085938 8.13000965118408 21.3136768341064 43.0605964660645 38.4734916687012 53.2311477661133 52.1899299621582 52.3647041320801 28.1921100616455 43.0392417907715 54.3560943603516 58.6329307556152 52.2785453796387 42.662181854248 96.5398635864258 78.7085342407227 32.9949569702148 25.8344497680664 46.4491195678711 42.4551124572754 36.6455726623535 29.3524570465088 31.3998050689697 21.7464942932129 7.79064464569092 12.6916217803955 24.2030200958252 17.9701538085938 25.2529010772705 36.6069564819336 27.7415142059326 16.7700157165527 39.4468154907227 60.4724235534668 72.3925704956055 90.1374130249023 74.4998626708984 76.3133544921875 80.5512847900391 45.7285232543945 63.1004257202148 70.0038757324219 70.0756607055664
6.06660556793213 13.7617769241333 15.6730165481567 1.26324081420898 18.2467021942139 31.5468273162842 43.2788162231445 40.3088760375977 54.8784599304199 45.7299728393555 68.1193695068359 34.7260856628418 49.1577262878418 53.5078964233398 63.4275703430176 57.2827110290527 63.6157455444336 108.260284423828 75.8516540527344 52.390079498291 34.9572257995605 55.0139770507813 40.957447052002 41.2826843261719 55.5045928955078 34.7606163024902 31.1926555633545 17.8014678955078 33.7125930786133 31.1160869598389 20.5198726654053 30.5731773376465 7.82871961593628 21.9598541259766 31.9797267913818 42.4978294372559 57.353816986084 61.8700332641602 74.6238708496094 105.127342224121 71.9547348022461 74.3786544799805 42.3841438293457 70.4123687744141 77.2032318115234 85.9813003540039
11.2520456314087 19.7436847686768 9.68461990356445 14.9665613174438 21.0741844177246 37.8593139648438 39.1891403198242 40.2767639160156 46.0586166381836 26.0981388092041 58.3462448120117 36.582389831543 49.6654815673828 56.1654243469238 55.9804801940918 31.4569091796875 40.1881217956543 111.344146728516 108.103782653809 60.3583602905273 52.5890235900879 57.2857856750488 64.4675521850586 53.5928421020508 95.7685012817383 73.2768630981445 47.3024711608887 32.1203193664551 31.3475933074951 20.8130226135254 36.6910514831543 35.9968490600586 27.8158569335938 12.0156726837158 39.1018104553223 33.1839256286621 54.1567192077637 73.2097244262695 71.5319519042969 71.3904037475586 63.731128692627 83.7019653320313 39.0047607421875 41.6684112548828 64.1494064331055 75.3504409790039
6.8528790473938 11.0867357254028 15.4749231338501 20.1972064971924 21.7954292297363 42.4674644470215 52.019645690918 38.4559173583984 40.0681076049805 28.0947513580322 55.426326751709 22.3667850494385 42.1469268798828 52.4392585754395 40.2049942016602 9.14349937438965 42.7421112060547 58.0840263366699 70.1288146972656 44.0055999755859 40.9991226196289 59.8839797973633 100.506973266602 94.1025009155273 106.154624938965 117.919593811035 75.9355010986328 67.4176254272461 63.6064567565918 72.5038375854492 59.2449188232422 51.1025619506836 35.0493659973145 38.0452003479004 42.4557685852051 46.1612396240234 54.7076606750488 70.6051177978516 68.8230361938477 45.6689872741699 69.9693222045898 55.418327331543 29.8088130950928 39.3979263305664 38.8493423461914 49.034912109375
20.4722728729248 35.0485877990723 40.8166961669922 26.3543930053711 41.4385528564453 45.5419883728027 17.0708656311035 33.496265411377 49.5901985168457 11.6230230331421 58.7791595458984 22.2582530975342 49.5469589233398 44.1364669799805 10.8218097686768 58.3229904174805 92.4153289794922 71.6155853271484 39.6425666809082 15.4154663085938 66.9009704589844 77.3602600097656 77.0801544189453 82.2676467895508 66.833854675293 92.9085235595703 79.4561386108398 77.1496887207031 105.287544250488 103.191032409668 46.1461029052734 65.2712554931641 62.8476219177246 60.8864631652832 56.8318367004395 67.6393966674805 56.9231071472168 76.5503921508789 77.0805892944336 48.1590423583984 42.5808563232422 2.3447105884552 69.5151290893555 92.1638107299805 80.9196548461914 86.3787994384766
40.1590766906738 52.0193481445313 56.2257118225098 38.1751289367676 41.9178161621094 33.2499465942383 31.1880226135254 44.5260581970215 45.259204864502 15.117714881897 41.9445457458496 31.6516780853271 37.3740615844727 29.6596565246582 23.7592010498047 88.517692565918 66.9460678100586 32.8633575439453 16.6930503845215 66.1062927246094 82.4553604125977 64.829460144043 38.0821151733398 35.1980590820313 65.0780181884766 74.5232696533203 61.0910339355469 80.3873977661133 65.0971374511719 64.0421829223633 50.6921119689941 39.4010391235352 74.3236770629883 75.0691528320313 78.9070281982422 76.1647033691406 59.8502540588379 80.4817657470703 73.3840255737305 23.4310760498047 18.992919921875 56.074047088623 115.822975158691 81.8589630126953 71.244026184082 73.6933441162109
40.5779647827148 44.2059783935547 43.9482154846191 39.4218940734863 43.6203002929688 40.3907508850098 45.9982223510742 45.7078285217285 49.4886932373047 22.4934253692627 38.9527778625488 47.5315437316895 46.1503601074219 29.948543548584 43.4891738891602 91.6279296875 62.5499000549316 44.3645324707031 50.7021331787109 72.7199478149414 60.0363464355469 40.3351364135742 6.33664464950562 33.5150756835938 60.667537689209 52.8676452636719 70.5285263061523 57.4550170898438 19.1979694366455 41.2444000244141 37.8935890197754 18.4953784942627 60.8395919799805 82.1859588623047 75.923095703125 46.7205352783203 47.889102935791 68.8982467651367 50.8980865478516 16.1791133880615 46.323673248291 99.1232757568359 86.0445327758789 43.6911277770996 45.1828346252441 22.8793239593506
36.2201118469238 35.7480545043945 26.6932067871094 35.0212249755859 31.5417766571045 21.832893371582 28.3817844390869 43.2276992797852 35.7287330627441 14.0990600585938 30.2097034454346 43.3932304382324 40.6910858154297 9.5380859375 65.4144287109375 65.886474609375 74.3400115966797 89.1376495361328 84.380012512207 79.2144470214844 71.6055908203125 22.9198207855225 13.6751432418823 26.8008480072021 25.5817108154297 45.4477577209473 46.663200378418 57.0805702209473 79.2173919677734 54.1138648986816 33.2308311462402 40.2159843444824 81.3531875610352 70.7931823730469 60.1937446594238 53.5852203369141 57.5400924682617 71.7469024658203 26.4492130279541 51.0882720947266 71.4647750854492 68.5709457397461 46.3733253479004 67.6501159667969 68.1761245727539 53.2928009033203
32.7975006103516 25.3082008361816 15.4104776382446 32.2180023193359 35.0797729492188 24.5057697296143 39.1855163574219 34.1421966552734 10.4078226089478 3.69134163856506 20.0410499572754 12.168098449707 15.8664045333862 32.7303695678711 31.617338180542 55.0382080078125 81.2167510986328 57.7228546142578 78.0881805419922 76.3881759643555 29.2104148864746 18.4449138641357 53.0068740844727 26.243579864502 42.051570892334 12.1103324890137 29.8727626800537 87.0846557617188 61.4887161254883 20.426233291626 25.1091136932373 76.0603179931641 83.3314361572266 47.3943176269531 44.5624847412109 57.0479736328125 59.5436172485352 45.0172462463379 8.08338928222656 63.8809661865234 84.7331924438477 42.4397850036621 54.1099815368652 67.9881973266602 91.9307556152344 86.4710693359375
37.1074600219727 28.9332389831543 31.1364326477051 40.3704643249512 38.8732070922852 35.2079277038574 30.7700386047363 11.0566902160645 0.618052423000336 0.747943162918091 3.99534344673157 0.363844245672226 4.19198656082153 24.4330730438232 29.2907371520996 47.7486572265625 33.143123626709 24.0458431243896 17.3864727020264 16.1226921081543 5.90615558624268 4.94885158538818 35.7135696411133 76.7440567016602 31.8183364868164 31.708345413208 30.9275817871094 73.3915786743164 97.5254516601563 77.7187957763672 67.4928741455078 77.4094772338867 64.0436096191406 49.7069396972656 38.653751373291 23.1069355010986 7.8544979095459 36.1740303039551 28.4105262756348 45.1527099609375 70.3997344970703 71.6254501342773 66.3984527587891 50.409122467041 72.727783203125 76.7446670532227
25.2691173553467 21.695291519165 28.573263168335 25.5261173248291 11.9838390350342 20.1784381866455 8.76532649993896 1.67968118190765 0.747943162918091 0.747943162918091 0.747943162918091 0.747943162918091 0.749835968017578 5.44868516921997 20.6834735870361 10.6510038375854 4.18241548538208 3.73024892807007 0.407707542181015 0.151482284069061 0.747943162918091 0.749835968017578 6.75051832199097 39.8222465515137 68.4731674194336 53.8183975219727 42.1846313476563 57.9322357177734 87.9904327392578 91.667350769043 50.4033393859863 59.589672088623 58.2088775634766 49.3171005249023 7.09742164611816 31.8548583984375 63.3496360778809 56.7268295288086 59.97607421875 39.4503059387207 27.6117687225342 43.9767112731934 34.375862121582 45.0970497131348 68.7240676879883 78.4173049926758
