data/Heterogeneo/norestedecolemu/slope.asc
ncols 80
nrows 80
xllcorner 694670.6875
yllcorner 5969804.5
cellsize 100.021875
NODATA_value -9999                                                                              
[rows 0 to 19 of 80, columns 0 to 45 of 80]
13.9074716567993 21.1622409820557 21.9876480102539 4.69958114624023 19.3594951629639 18.3563709259033 7.26775169372559 8.95878982543945 27.1932334899902 38.6237869262695 40.3049125671387 27.0724773406982 28.7763671875 21.8844146728516 35.0022468566895 46.7706489562988 27.7692356109619 22.5230274200439 27.1214866638184 20.9146995544434 16.7503223419189 41.8307266235352 49.4986763000488 14.565728187561 19.539665222168 66.7243347167969 57.3617401123047 38.0525817871094 29.9359874725342 56.2183113098145 45.7081489562988 9.23940563201904 7.01028060913086 35.7875022888184 34.5065841674805 28.4381046295166 48.8676719665527 46.9067001342773 24.402982711792 19.6224212646484 27.905158996582 13.176383972168 16.188835144043 46.8264846801758 38.1382293701172 31.7470588684082
12.2439727783203 14.7251567840576 23.9006977081299 21.5186424255371 19.6264476776123 34.7564277648926 23.1689834594727 17.8556022644043 55.4375762939453 51.5466690063477 66.0032196044922 63.9615058898926 73.4709167480469 82.6170043945313 80.0716857910156 10.6717929840088 16.8960475921631 34.2885475158691 57.949893951416 67.1634216308594 69.1601028442383 53.6942939758301 34.254451751709 11.7527751922607 38.562629699707 38.3483352661133 69.2682723999023 44.6579933166504 13.3109531402588 69.9960556030273 46.2774124145508 15.1148729324341 23.6728992462158 51.5989570617676 31.0602588653564 42.2099494934082 66.6351928710938 25.0800800323486 51.4413146972656 35.25732421875 52.988826751709 43.5875053405762 26.653772354126 31.8282508850098 44.3585166931152 27.5969638824463
19.3371601104736 31.3612174987793 31.1098537445068 21.3978157043457 18.6063327789307 29.0602626800537 23.1139736175537 22.6505241394043 42.5519027709961 74.296875 30.5712070465088 51.7574234008789 56.5274963378906 72.2820053100586 82.5729751586914 84.9301605224609 52.1104125976563 65.6722106933594 70.4179763793945 78.0443878173828 81.0231475830078 75.5867156982422 61.1796417236328 31.9922981262207 55.1170387268066 28.5145206451416 30.0643444061279 17.8992309570313 34.2414627075195 74.9696197509766 38.2764358520508 21.5442485809326 43.3072319030762 46.5560989379883 10.1138029098511 57.8239555358887 43.0633277893066 28.636173248291 33.8535957336426 34.8168029785156 63.8376045227051 64.1136093139648 46.3758697509766 16.2765007019043 69.0170440673828 29.2858104705811
33.8965797424316 37.5794448852539 28.8279457092285 17.1389789581299 21.7527770996094 18.1481952667236 23.4191837310791 13.115291595459 52.2707557678223 64.2002182006836 35.0661697387695 22.2769107818604 19.067554473877 15.538987159729 27.1467018127441 77.5085678100586 77.2472305297852 72.6532440185547 58.395866394043 53.0396728515625 28.1238670349121 50.8146514892578 55.3666229248047 56.0889015197754 71.9954452514648 62.2616958618164 28.7584285736084 55.4480209350586 71.7504348754883 53.8531265258789 13.0313301086426 33.2615928649902 57.2085990905762 34.8653945922852 27.8436813354492 67.7204360961914 20.8904266357422 36.4366264343262 36.1765670776367 66.6347351074219 72.3056945800781 83.8717880249023 56.541259765625 49.4948539733887 85.1272201538086 24.5299224853516
31.4535999298096 29.8395347595215 24.7399883270264 14.869948387146 30.519660949707 18.2286567687988 35.2455787658691 16.3195743560791 51.6435585021973 46.7263984680176 32.4022598266602 21.5626792907715 12.7780303955078 13.2935333251953 23.9620342254639 28.3551921844482 50.1845741271973 49.1503486633301 38.6178016662598 29.2850284576416 26.16965675354 19.4058303833008 14.8331470489502 27.5730667114258 49.8550415039063 63.1325721740723 42.9994964599609 66.8945083618164 43.326473236084 15.2924308776855 1.4474288225174 45.3460693359375 60.0993309020996 31.926456451416 47.8815155029297 36.5224914550781 45.6399078369141 67.6325988769531 68.7733535766602 71.3699798583984 48.4444999694824 79.9184036254883 85.5941696166992 68.2493667602539 69.4837646484375 42.540699005127
21.7606506347656 35.0526733398438 36.9606666564941 24.1156673431396 35.6818466186523 29.7259273529053 51.708251953125 61.4465675354004 22.7551498413086 53.1544456481934 56.1216354370117 44.5510787963867 34.8920402526855 19.3949127197266 17.0964756011963 13.2719469070435 17.0652084350586 11.4554967880249 30.5693912506104 20.0591354370117 18.0588512420654 18.4191665649414 3.94846773147583 0.564892113208771 15.6155099868774 35.0980491638184 34.6767272949219 28.0556583404541 0.715811192989349 4.69200372695923 28.3427715301514 52.7571678161621 63.6970977783203 25.4859256744385 67.5925750732422 43.4152145385742 68.0156478881836 57.6565742492676 70.0683822631836 35.0043640136719 14.7349519729614 29.4494037628174 69.2963485717773 63.7186965942383 25.3912658691406 32.7325439453125
30.4377136230469 38.1735000610352 24.3663597106934 25.2134227752686 30.6542110443115 26.6180667877197 32.2763938903809 55.0047416687012 59.0749969482422 12.6551132202148 37.0171813964844 54.6789321899414 58.3157958984375 32.8647956848145 19.1084384918213 21.5914134979248 12.1179885864258 14.8412265777588 14.7817354202271 3.44579219818115 17.0252857208252 15.9497261047363 3.4091534614563 4.81181669235229 6.88596820831299 15.5338010787964 23.2149200439453 4.26087236404419 21.9574222564697 34.6841773986816 48.6057777404785 25.7134437561035 49.1609840393066 48.3850860595703 36.6914978027344 64.7359771728516 62.4165992736816 52.0599403381348 44.3554382324219 26.6952133178711 39.7458000183105 21.5699768066406 14.5708227157593 10.3720140457153 11.656213760376 5.99757528305054
25.540807723999 23.7641277313232 11.9059534072876 35.1039543151855 31.5769519805908 15.8940458297729 9.14523220062256 15.069375038147 46.5294456481934 65.5476837158203 44.9799690246582 21.5653991699219 66.7019348144531 59.6077766418457 21.5083122253418 10.9614038467407 11.389422416687 12.6411476135254 5.11123418807983 8.86788558959961 18.3226547241211 14.7049446105957 5.15567207336426 5.52368927001953 3.29548501968384 1.53151273727417 8.05069255828857 29.0911884307861 50.1577377319336 88.7596588134766 62.6804122924805 39.4206047058105 68.8939819335938 50.3359832763672 24.8290405273438 60.9973411560059 45.5079193115234 31.4610424041748 9.52589893341064 17.5153369903564 50.3423614501953 49.0842895507813 37.6321334838867 44.1217842102051 56.1695442199707 50.1423187255859
37.8312530517578 38.4580268859863 28.3040218353271 31.086856842041 23.9322109222412 25.5822429656982 28.658842086792 31.6333122253418 34.0226783752441 45.3984375 74.9939270019531 31.6130638122559 46.222770690918 60.2409820556641 31.5172233581543 17.7540836334229 15.5380792617798 11.2505903244019 6.68791675567627 7.65569925308228 7.56224536895752 11.0208673477173 1.6447502374649 5.04288244247437 5.37842750549316 10.3268051147461 29.8579158782959 67.218620300293 82.0650939941406 94.0824203491211 73.9326629638672 65.003173828125 72.8226623535156 31.4923553466797 19.1546382904053 29.5184688568115 17.3364963531494 2.78853297233582 4.75463485717773 3.35804867744446 25.6017227172852 65.5407867431641 59.7485542297363 35.8797721862793 64.9943161010742 65.2725219726563
14.0047931671143 12.7566566467285 9.05698680877686 6.56563377380371 14.0449447631836 14.8896570205688 17.4236354827881 20.7806549072266 19.9589672088623 19.8328113555908 48.9175910949707 67.3384857177734 31.6120452880859 59.5805168151855 30.3379955291748 19.9113121032715 17.4180583953857 13.6362161636353 6.17391347885132 5.61786508560181 11.0344438552856 16.1652088165283 7.32409381866455 3.16431760787964 14.9061250686646 28.0209178924561 53.2854080200195 57.6055068969727 69.5417175292969 42.3156623840332 46.9411087036133 63.3563423156738 43.9245643615723 19.3402404785156 9.76518058776855 18.8720874786377 16.6296081542969 31.9063110351563 27.1067790985107 23.9635200500488 24.3139991760254 74.9877624511719 88.9856033325195 60.8116302490234 41.2018585205078 37.128044128418
39.3976821899414 34.1127777099609 10.9479837417603 3.8734769821167 8.25546646118164 17.390172958374 14.6473751068115 8.13256549835205 9.23855400085449 11.0072574615479 19.2967300415039 59.6618576049805 31.7938098907471 52.953540802002 21.3977489471436 12.9709186553955 18.2055759429932 24.4624271392822 13.1684694290161 4.13286399841309 5.3628191947937 16.8311004638672 16.5514507293701 1.95989334583282 24.5957908630371 44.2694702148438 42.6648788452148 28.4966297149658 52.0226135253906 65.3286361694336 30.8373928070068 28.6963348388672 23.0032253265381 22.8717784881592 22.5813426971436 5.21673250198364 50.9571990966797 47.5857429504395 45.4888305664063 88.4568023681641 80.0838394165039 111.745178222656 94.3306121826172 52.922779083252 39.3709373474121 43.3923454284668
21.5787334442139 40.4154624938965 26.4627475738525 11.5703411102295 13.509467124939 10.1320953369141 11.5201177597046 18.4997043609619 17.512300491333 9.44393157958984 9.74590110778809 41.0301780700684 36.6303749084473 31.3544673919678 18.5979595184326 9.00034809112549 10.9327507019043 22.6237754821777 25.0113086700439 7.44505786895752 1.98940432071686 7.50559902191162 22.40993309021 5.75035524368286 41.4024848937988 45.2282104492188 33.605842590332 38.0647010803223 38.2133750915527 67.2512130737305 37.9033088684082 7.17920160293579 5.35110473632813 8.03608703613281 8.45054149627686 49.2656097412109 69.4354400634766 51.6175155639648 67.9058685302734 99.2139053344727 103.844421386719 108.103500366211 67.9741058349609 48.4649505615234 42.3113708496094 56.5269622802734
37.4514350891113 33.1831169128418 23.3066654205322 19.3686084747314 15.8375072479248 13.4364824295044 4.51484203338623 20.3592491149902 18.6298236846924 2.12847948074341 2.90099906921387 15.6040678024292 33.8889541625977 4.05162143707275 17.6132278442383 16.1527881622314 7.72369956970215 8.0905818939209 19.0666809082031 13.4496402740479 3.90619349479675 7.16829633712769 16.2216186523438 32.0490074157715 47.264476776123 35.3775863647461 55.6216430664063 42.4815673828125 55.9305953979492 59.8443794250488 26.2876377105713 3.45237803459167 14.1178750991821 35.5220642089844 55.9956016540527 86.8506698608398 69.1025009155273 57.952823638916 79.1663284301758 68.9742965698242 66.8483963012695 74.4714660644531 51.7685890197754 35.3364028930664 29.8417224884033 44.7245140075684
9.24859714508057 17.6529655456543 14.5615901947021 15.2323379516602 11.4046897888184 2.41687679290771 3.75752544403076 13.5220031738281 24.2227764129639 11.0439252853394 3.46196913719177 5.77131652832031 17.8762722015381 20.4667472839355 8.63436889648438 17.5787963867188 6.09179878234863 7.28585529327393 19.8307437896729 9.54192638397217 4.45368480682373 18.5520706176758 28.1074810028076 66.1932678222656 60.511344909668 51.762580871582 45.0992660522461 56.6788330078125 53.8518600463867 46.1314582824707 10.757625579834 28.2704219818115 44.7723617553711 67.1882171630859 85.7781677246094 79.6670989990234 60.4132843017578 61.7505111694336 72.0155258178711 47.2540550231934 41.7028045654297 41.494083404541 25.6837921142578 14.0071706771851 17.0497493743896 15.2045841217041
42.5669822692871 48.1912384033203 40.0676231384277 23.8620128631592 10.9350614547729 3.49910712242126 9.52976608276367 9.32457733154297 11.8716897964478 17.3752384185791 9.82166576385498 7.60942316055298 5.47596120834351 15.2448673248291 14.3145895004272 12.9216451644897 12.6781930923462 21.2049999237061 15.2698621749878 1.38563573360443 14.8709211349487 26.722864151001 44.545841217041 75.0932388305664 55.0120964050293 68.3566589355469 52.279956817627 49.505428314209 56.3878784179688 29.0099010467529 33.0509262084961 57.6151084899902 66.8285980224609 64.0164566040039 61.9473190307617 47.2310676574707 42.540355682373 57.9608840942383 50.7332725524902 40.7756042480469 33.9659957885742 15.600736618042 1.88241517543793 4.86041927337646 11.4969444274902 17.1589260101318
15.7474489212036 42.6880149841309 55.1062850952148 29.1897487640381 10.3967523574829 3.19224834442139 14.2041110992432 21.7395534515381 13.2025985717773 5.76699352264404 7.13185930252075 4.23936653137207 4.44411516189575 2.11295652389526 13.813759803772 18.5969219207764 23.4425487518311 16.6746158599854 2.89843249320984 1.54177582263947 14.6673173904419 33.4814872741699 67.1343002319336 61.6195030212402 43.5441207885742 50.2159385681152 69.2838745117188 37.4989776611328 46.9428482055664 14.0440740585327 56.3866806030273 64.1112060546875 34.9016532897949 28.7367668151855 60.7162246704102 47.4751243591309 36.5343627929688 33.3035430908203 29.242992401123 38.4567947387695 14.8899784088135 7.54437685012817 9.21215057373047 19.5035972595215 23.4099349975586 34.4367904663086
47.7338752746582 45.2413749694824 27.5830612182617 27.0236873626709 18.9213352203369 13.0146608352661 18.8621959686279 12.2052793502808 14.1813049316406 11.6030368804932 12.0240821838379 10.8455457687378 11.0845413208008 7.11380481719971 10.3210792541504 22.9591274261475 14.8579044342041 3.69113945960999 4.14769792556763 2.5740807056427 21.9603252410889 47.8656120300293 69.1596145629883 50.368049621582 40.9754791259766 36.8723411560059 42.7641334533691 50.2815208435059 33.3313026428223 7.48627948760986 54.6176071166992 55.388744354248 32.9310340881348 38.3332633972168 59.2145843505859 60.7741889953613 63.9369697570801 70.9043350219727 52.2358932495117 31.4278659820557 13.3712539672852 36.821662902832 38.1733856201172 36.348949432373 40.9195976257324 41.8915405273438
19.3338298797607 18.4583206176758 6.9642505645752 15.5826663970947 20.4952583312988 19.4927234649658 19.4148483276367 1.54471480846405 4.88905715942383 9.95337677001953 7.43067502975464 7.0134596824646 6.895348072052 5.21968078613281 12.6630420684814 14.8509206771851 3.76898908615112 7.00649213790894 5.18371772766113 7.13006258010864 26.2753829956055 58.7848167419434 64.4179534912109 55.1127052307129 39.5760498046875 18.8363819122314 10.588005065918 21.7904033660889 21.3941059112549 18.5990905761719 48.6894989013672 36.8984413146973 51.8440971374512 50.3795433044434 56.6960945129395 63.655590057373 68.1004638671875 84.7099075317383 78.7207565307617 39.5829162597656 40.207935333252 56.6164360046387 46.9034614562988 27.9289684295654 52.9083633422852 41.6329574584961
1.17113542556763 7.40224647521973 14.5641822814941 22.3643112182617 10.9323635101318 20.2098579406738 19.8004245758057 1.08016991615295 6.83408308029175 3.76917243003845 5.13086938858032 6.23613834381104 4.48659944534302 3.70304226875305 9.43654823303223 5.43161773681641 2.2373833656311 5.1290431022644 2.04933333396912 17.01926612854 47.091007232666 44.779296875 64.9228057861328 46.1426200866699 45.5553817749023 40.3801155090332 9.25747966766357 1.23242557048798 2.29322338104248 29.3744888305664 25.1734428405762 24.4121913909912 10.8113431930542 36.3543472290039 46.1145210266113 42.853816986084 71.5431823730469 100.91478729248 100.352806091309 53.634651184082 52.8033714294434 31.8830547332764 20.7065734863281 25.5090160369873 31.6026916503906 41.4178771972656
8.12833404541016 13.7393274307251 16.0576133728027 6.69213628768921 5.48695182800293 19.2467498779297 20.4511737823486 4.39804553985596 3.71209621429443 5.0106315612793 3.77985024452209 3.70297431945801 4.74673509597778 6.26290559768677 9.82812309265137 9.55760288238525 1.81692492961884 3.67927932739258 16.9386615753174 40.3027992248535 53.4464988708496 67.0397567749023 69.2251892089844 38.9129867553711 32.7750854492188 39.9075469970703 20.335168838501 2.24421644210815 15.2741508483887 28.4002666473389 27.3441600799561 24.2461395263672 36.5043907165527 9.56680583953857 33.3028259277344 29.574031829834 30.8271713256836 88.026123046875 111.118553161621 58.85693359375 41.2876968383789 16.2752704620361 44.6483993530273 38.5032272338867 23.423828125 14.1174430847168
