data/Heterogeneo/norestedecolemu/slope.asc
ncols 80
nrows 80
xllcorner 694670.6875
yllcorner 5969804.5
cellsize 100.021875
NODATA_value -9999                                                                              
[rows 20 to 39 of 80, columns 0 to 45 of 80]
4.20912265777588 5.28388404846191 10.0460834503174 22.6718654632568 12.8937215805054 17.1109428405762 15.2966594696045 3.63403105735779 1.7266571521759 3.96757626533508 1.31948971748352 4.72252225875854 11.8351182937622 21.6008415222168 18.7768459320068 24.3200988769531 10.9928169250488 9.80755424499512 16.5571994781494 49.9773292541504 57.6665382385254 62.4432640075684 55.0319633483887 43.8205451965332 41.9342384338379 23.5419006347656 9.39058017730713 15.2446479797363 60.4885025024414 77.3174285888672 60.5307426452637 49.7784729003906 43.5921058654785 50.1654777526855 24.3987979888916 18.7184085845947 9.13891124725342 49.0570030212402 106.824356079102 54.5231895446777 24.9682235717773 49.1188354492188 45.3083000183105 17.1368618011475 24.1412296295166 29.4498729705811
25.258695602417 23.6438255310059 23.0167293548584 21.8866729736328 26.1224708557129 18.2427978515625 14.4345588684082 2.99790906906128 7.80533742904663 13.6130399703979 11.6422967910767 17.7259216308594 31.0155067443848 39.2547073364258 41.4115180969238 45.4547958374023 27.1674747467041 16.3662185668945 13.1073703765869 41.7998123168945 63.4924545288086 67.5445175170898 53.3442916870117 18.4206066131592 11.7326240539551 11.0267839431763 9.43238925933838 58.7043952941895 89.0112152099609 74.3772506713867 71.3194351196289 65.2557601928711 48.9311256408691 78.4953994750977 77.1592102050781 51.3081283569336 24.1531658172607 41.5645866394043 89.1050338745117 52.0116271972656 29.2146034240723 51.9384727478027 30.5609645843506 24.1088447570801 22.4878730773926 31.6359233856201
44.566032409668 47.5876617431641 43.6697082519531 27.9280033111572 26.2419033050537 25.3296794891357 21.6298084259033 4.71996116638184 33.749755859375 33.8087997436523 29.9712085723877 29.8530673980713 42.3065605163574 38.2363548278809 55.6742706298828 58.1499977111816 50.2081451416016 18.9834327697754 15.707691192627 40.9916038513184 69.813720703125 74.8220901489258 40.4258995056152 4.13458204269409 1.42069637775421 11.2727146148682 29.2914524078369 64.9851379394531 76.0914154052734 38.6150207519531 21.6510677337646 50.316219329834 39.9259567260742 50.8871459960938 49.5465545654297 46.5568542480469 26.68674659729 37.317985534668 72.4212341308594 36.8147163391113 29.5004367828369 57.5618286132813 46.8476295471191 27.8645915985107 34.1442832946777 30.0415992736816
61.3782539367676 60.3118171691895 49.1444473266602 43.9829711914063 29.486946105957 27.8191394805908 20.5749130249023 31.6622200012207 55.5284385681152 52.6111488342285 41.9836959838867 36.5628509521484 58.0698051452637 60.5621452331543 41.8659629821777 43.2753868103027 53.706169128418 31.4813575744629 38.5230255126953 42.3640670776367 51.9026565551758 67.2937393188477 49.5979919433594 13.3958253860474 2.61392855644226 20.9001007080078 29.2610378265381 26.6149387359619 39.6585083007813 60.7480010986328 74.8479919433594 35.2141952514648 11.0274677276611 3.02379584312439 43.6000938415527 51.3386421203613 11.8291492462158 59.680233001709 51.5248031616211 26.9098472595215 30.3474559783936 63.1843414306641 55.5358619689941 35.9913902282715 34.2642250061035 23.4408416748047
45.709659576416 61.8421478271484 72.9129409790039 55.9127807617188 56.0132293701172 50.0984382629395 46.9875335693359 58.8058204650879 53.6914749145508 43.8863296508789 42.5376014709473 46.9082336425781 78.4892425537109 60.1195907592773 44.6423492431641 49.5000457763672 30.705228805542 38.0563812255859 63.4320793151855 45.0017585754395 22.4148273468018 61.5515289306641 58.4727325439453 13.8438196182251 1.76278924942017 10.0645780563354 29.1382465362549 46.6366577148438 38.3427734375 17.6414756774902 34.4174728393555 68.9800796508789 34.7569961547852 23.057430267334 34.3369789123535 55.1513557434082 31.1814498901367 41.4309463500977 23.0513973236084 25.7238311767578 15.2668018341064 55.7210273742676 81.3308563232422 69.0697326660156 45.2479972839355 43.6005516052246
11.0853004455566 28.9023342132568 69.1542739868164 79.7240447998047 82.9903411865234 98.5367736816406 102.92919921875 53.6626968383789 43.6573677062988 35.7353630065918 52.2518119812012 61.8608093261719 62.44580078125 39.9811592102051 70.9242935180664 49.508716583252 62.9040794372559 56.6267623901367 64.809700012207 45.7444686889648 19.8842754364014 61.2471580505371 56.9987182617188 4.51365089416504 1.63255453109741 1.3959698677063 17.5103435516357 69.7383575439453 72.1960220336914 32.3021469116211 48.6434936523438 10.9360780715942 40.9128379821777 52.5197067260742 38.5045166015625 67.2840576171875 43.7618141174316 15.4212131500244 6.48276042938232 17.0246086120605 36.5134544372559 11.4902744293213 59.3167533874512 96.9844207763672 66.3151550292969 87.9780502319336
0.747943162918091 0.97404021024704 23.8257369995117 46.3585586547852 49.7808837890625 72.8208770751953 89.3532943725586 70.6188354492188 48.9865646362305 43.1601448059082 60.4752388000488 62.091667175293 35.9288520812988 22.7425804138184 65.2403869628906 78.9401473999023 88.1539688110352 70.4598922729492 50.6481399536133 69.0844955444336 32.7410850524902 54.9472274780273 46.816535949707 13.1808280944824 0.931217193603516 2.24001717567444 2.87645554542542 49.9047012329102 87.5822525024414 54.9219245910645 43.4550323486328 23.8707695007324 52.9489479064941 59.6210021972656 43.8382453918457 77.825569152832 59.1350402832031 41.8922729492188 27.1720638275146 40.6237030029297 55.33837890625 56.5590629577637 29.1562004089355 57.1484909057617 47.9392700195313 58.9785842895508
1.63111770153046 1.67583858966827 1.05807554721832 6.95979118347168 8.99571132659912 16.1093864440918 27.9737663269043 66.097282409668 45.0615653991699 39.4371604919434 32.5275115966797 36.9938201904297 16.1141757965088 11.6683807373047 27.2844867706299 45.177906036377 40.3533782958984 55.9060745239258 33.5634384155273 70.1048889160156 62.4488754272461 55.349193572998 29.1977500915527 10.0050840377808 2.09022641181946 3.112300157547 9.42031097412109 39.9497032165527 75.5229568481445 81.5396347045898 33.5375366210938 28.0041275024414 60.5090408325195 72.6233139038086 46.2206001281738 66.7324371337891 63.2543029785156 60.1516189575195 71.1122436523438 59.7844581604004 42.7371559143066 62.8240623474121 44.4436683654785 34.5143890380859 19.9265098571777 8.44462871551514
1.72143697738647 1.66954457759857 1.6059478521347 1.41231405735016 0.67220276594162 1.36633288860321 0.212808087468147 23.1220951080322 29.0656795501709 15.496771812439 5.11427545547485 8.45615673065186 2.41894936561584 0.67220276594162 1.65639328956604 6.34199857711792 0.830380320549011 14.4686241149902 5.71371984481812 23.752758026123 52.7548789978027 25.5389995574951 14.803165435791 6.86928606033325 4.8402533531189 8.67501640319824 32.2481575012207 70.5409545898438 102.342224121094 77.6203460693359 37.9821014404297 56.5567626953125 68.3656539916992 52.7216186523438 22.9949836730957 28.9427661895752 61.5053291320801 52.8159408569336 80.5315933227539 81.3154067993164 36.9709777832031 54.192813873291 71.3229446411133 22.3816089630127 27.1048927307129 20.9886627197266
11.9008159637451 10.5874214172363 16.5190620422363 28.3418807983398 31.7221336364746 15.1039352416992 1.52212810516357 0.827719569206238 7.50750494003296 2.31487035751343 0.747943162918091 0.747943162918091 0.648261785507202 0.757033586502075 2.19682669639587 2.13968563079834 2.41883659362793 10.2628374099731 14.5174360275269 6.45068979263306 13.9413232803345 10.2050275802612 4.36450147628784 6.44668388366699 5.65207481384277 31.4278221130371 65.1501083374023 87.7564392089844 79.7790298461914 61.7270126342773 39.1101150512695 63.8516044616699 38.4974212646484 18.8871021270752 33.423641204834 19.482328414917 37.9110488891602 46.8688430786133 40.2575454711914 63.8260154724121 52.5230865478516 58.1725540161133 75.391471862793 75.1568222045898 18.5137710571289 50.0796241760254
42.307544708252 48.301700592041 70.305419921875 72.7879638671875 63.4541625976563 44.2956275939941 20.4991912841797 18.4917850494385 12.2822427749634 1.49354386329651 0.132547184824944 0.168729513883591 0.809235215187073 19.658561706543 39.5494651794434 45.407642364502 51.7339744567871 44.2435836791992 26.143159866333 15.2318086624146 13.4868030548096 15.472336769104 16.1239452362061 7.14240312576294 14.6928682327271 57.6760749816895 61.7195167541504 50.0950584411621 47.323314666748 65.0356521606445 56.6654815673828 35.1764488220215 30.5841255187988 22.5659427642822 29.063159942627 37.3068084716797 18.8922519683838 18.7299575805664 19.5078639984131 19.2372741699219 30.7739963531494 60.7235336303711 61.5112495422363 73.8674697875977 73.0057220458984 43.2824020385742
71.5705642700195 75.6850662231445 76.7814788818359 61.0572547912598 55.060302734375 54.1887512207031 24.2135772705078 43.0814590454102 37.0772399902344 26.3441181182861 13.1409063339233 10.8706760406494 22.3606147766113 47.9116020202637 69.652702331543 100.381881713867 98.8634490966797 56.5263633728027 37.3845901489258 36.9404678344727 32.1005897521973 45.1910781860352 42.5573921203613 9.79857444763184 9.87849235534668 55.0361328125 68.8629302978516 50.865478515625 48.8336906433105 54.5779724121094 49.0853729248047 28.9339332580566 13.8488578796387 34.2857627868652 25.0181713104248 28.2664489746094 17.587911605835 2.51420307159424 9.15958023071289 3.54280543327332 10.9691877365112 39.7989273071289 52.9283790588379 44.4314956665039 59.3625373840332 34.1957817077637
53.919059753418 44.3871383666992 25.8628368377686 27.6933097839355 52.6738700866699 54.6960372924805 19.2477188110352 51.6756706237793 62.8485260009766 56.0917510986328 35.7060928344727 39.0416374206543 43.3948059082031 53.8529396057129 72.808479309082 77.7959594726563 66.7662887573242 63.0742530822754 29.230297088623 50.074577331543 74.4876174926758 63.0569686889648 51.0105743408203 39.2907638549805 1.77064657211304 37.8229637145996 70.0235214233398 71.089469909668 80.2383804321289 97.3883361816406 78.0280532836914 37.3319473266602 18.7402114868164 4.93069124221802 15.5337648391724 16.7393226623535 8.06878757476807 3.74090337753296 4.60795211791992 5.69646120071411 16.0794219970703 10.2550764083862 34.8072319030762 49.8259239196777 50.7909736633301 49.4340553283691
11.0305938720703 22.7149467468262 7.2619800567627 10.8531723022461 43.5557327270508 64.947624206543 36.0082511901855 58.7039794921875 73.7864532470703 64.5198974609375 40.9407730102539 63.8014335632324 59.9358596801758 20.9614028930664 84.144645690918 55.1826286315918 52.3537712097168 63.2529411315918 38.8382263183594 66.3095703125 83.9068145751953 35.779914855957 64.342887878418 46.6906471252441 2.57138228416443 26.6419448852539 44.3025817871094 51.3952713012695 78.4049377441406 109.10627746582 142.607543945313 100.010162353516 40.4984321594238 45.8587875366211 52.6207542419434 61.3487281799316 32.1834602355957 29.2787570953369 22.6353244781494 15.7087860107422 17.1029644012451 8.87649154663086 9.30598640441895 28.9639987945557 51.3617553710938 56.6817741394043
13.4628829956055 21.5761222839355 18.6806793212891 17.9432239532471 39.661075592041 69.3712615966797 43.2307777404785 57.5766334533691 46.2031364440918 78.6666793823242 59.253604888916 66.5762329101563 57.1814880371094 25.741024017334 70.8672332763672 69.8654632568359 31.4020805358887 64.7352676391602 65.9540786743164 79.4089889526367 53.303882598877 64.0022659301758 64.6485061645508 39.2394256591797 10.2804622650146 8.0183219909668 23.5507030487061 13.0611934661865 26.0233421325684 40.5502700805664 106.534515380859 122.344093322754 79.5244445800781 76.4361267089844 105.740669250488 118.110038757324 91.3370513916016 68.5234603881836 35.2120933532715 37.5344886779785 27.5413951873779 3.27243185043335 1.03082418441772 1.72135066986084 20.9876804351807 37.721004486084
22.3936042785645 11.443247795105 16.9049472808838 24.9031562805176 33.4343223571777 62.4727363586426 40.6769409179688 46.4517135620117 24.7126445770264 72.3962936401367 87.8841552734375 62.4827346801758 77.4405364990234 67.8579864501953 83.027099609375 68.7797393798828 30.5683250427246 65.4487075805664 77.3455200195313 74.5774993896484 58.799934387207 75.322624206543 60.2034225463867 46.9981498718262 32.5141258239746 23.0666790008545 35.0176620483398 41.0292472839355 25.2175464630127 22.9744415283203 57.4509582519531 80.5345153808594 93.8232040405273 82.6518478393555 82.7604446411133 70.7984390258789 75.7100601196289 60.835506439209 61.0842437744141 49.8743438720703 24.2805957794189 0.856931507587433 0.965303540229797 5.99590301513672 14.0057096481323 24.9332504272461
9.9584493637085 2.20808339118958 10.4768505096436 24.6371917724609 14.8313417434692 43.5843315124512 51.5045356750488 41.0656127929688 37.3210487365723 34.439037322998 54.8142929077148 46.9985656738281 69.5269088745117 93.7027587890625 92.4624633789063 67.9406433105469 50.9992980957031 63.5897827148438 66.6389083862305 50.8984146118164 70.7950973510742 103.046318054199 80.0866012573242 83.6403350830078 50.4761581420898 40.0002403259277 69.660270690918 58.5616264343262 60.7274742126465 10.2159156799316 43.9398345947266 51.5062561035156 61.7695236206055 53.7552337646484 32.1783599853516 59.7305488586426 68.772102355957 83.9922866821289 76.747688293457 31.7463054656982 6.48568773269653 8.90567302703857 5.96632862091064 19.8277912139893 21.1050033569336 14.4561491012573
2.14301300048828 5.25434017181396 14.7971591949463 16.6969985961914 8.41645240783691 12.2986450195313 42.8022193908691 34.8513412475586 21.1177730560303 16.1372356414795 11.1833095550537 22.7464008331299 32.9128150939941 56.5775833129883 43.0061378479004 43.545295715332 26.5121765136719 22.7271194458008 26.8739624023438 21.4319705963135 48.7548942565918 102.958480834961 106.886108398438 121.542388916016 95.8924407958984 42.1384468078613 69.5542526245117 68.9824600219727 91.8678207397461 67.5449905395508 39.7536430358887 26.7868957519531 4.78193092346191 8.92140102386475 43.6523551940918 72.9347763061523 87.7404632568359 92.6107635498047 44.5040512084961 17.5104789733887 15.1527042388916 26.6241416931152 25.3329200744629 17.9676876068115 3.46641969680786 4.35064363479614
1.19326448440552 6.95495414733887 15.7517910003662 13.4626626968384 10.0032472610474 3.36493420600891 15.035101890564 25.4710083007813 14.4958934783936 15.5416860580444 15.078272819519 23.488187789917 19.7659492492676 24.3908500671387 13.5743131637573 16.1891078948975 8.97373580932617 9.20424270629883 11.4970083236694 11.9674968719482 22.0365676879883 61.0829620361328 83.9802474975586 84.1694564819336 122.533103942871 65.8428344726563 68.476203918457 85.6935043334961 100.561744689941 99.5438003540039 91.1438827514648 49.8802680969238 50.464241027832 89.1173324584961 92.2530136108398 54.6994438171387 83.2660675048828 71.1731719970703 56.1697082519531 37.8620758056641 31.7442321777344 28.4903736114502 39.118579864502 13.7332439422607 18.0418968200684 13.7000865936279
0.692891180515289 11.8126192092896 17.5634746551514 9.54553031921387 7.95300245285034 4.94658613204956 12.9635591506958 10.9343786239624 12.2466154098511 7.81866455078125 17.7224006652832 19.9402732849121 4.8269829750061 9.2656307220459 10.3637056350708 6.21473073959351 12.982855796814 26.0781898498535 20.1594543457031 22.3156280517578 23.5730514526367 14.1008291244507 48.2013397216797 46.9836692810059 93.2141418457031 101.216674804688 80.9076995849609 88.4851150512695 66.1406936645508 95.4329833984375 93.4937973022461 90.7017822265625 84.9077072143555 110.963073730469 82.7124938964844 39.0327186584473 27.6037082672119 64.2834930419922 74.4623184204102 76.6308364868164 59.8775444030762 52.4097290039063 75.8112869262695 60.6727409362793 55.8472023010254 51.9650726318359
