data/asc/elevation.asc
ncols 200
nrows 200
xllcorner 692310.125
yllcorner 5960789.5
cellsize 30.006875
NODATAVALUE -9999
[rows 21 to 41 of 200, columns 46 to 91 of 200]
227.358444213867 222.122222900391 217.844223022461 217.63818359375 222.454376220703 227.538238525391 231.020095825195 232.624404907227 233.559860229492 234.716415405273 235.708541870117 236.452255249023 235.135681152344 230.155776977539 223.090454101563 215.623123168945 206.855987548828 198.176818847656 190.708541870117 187.195343017578 189.727233886719 196.101135253906 202.489486694336 207.021362304688 209.804016113281 212.477386474609 215.712478637695 218.904525756836 222.507537841797 224.180908203125 225.105529785156 225.105529785156 225.105529785156 225.790481567383 227.585235595703 229.440292358398 230 230 230 230.066543579102 231.288421630859 232.937454223633 234.409133911133 234.201690673828 233.045120239258 232.692581176758
217.40544128418 210.964828491211 206.529907226563 206.830841064453 212.924621582031 219.773345947266 224.296432495117 225.898864746094 226.405822753906 227.467330932617 227.723617553711 228.467330932617 227.150756835938 222.170852661133 215.080078125 207.326385498047 199.426300048828 191.909545898438 185.068359375 183.341583251953 187.822830200195 196.510116577148 204.698486328125 210.532791137695 213.829147338867 216.387969970703 219.683410644531 223.286437988281 226.520370483398 228.91960144043 229.844223022461 229.844223022461 229.844223022461 229.473022460938 229.468566894531 230 230 230 230 230 230.16552734375 230.372131347656 230.155776977539 230.155776977539 229.577896118164 230.037780761719
205.221435546875 200.713134765625 197.341705322266 197.807510375977 202.630844116211 208.150756835938 212.502517700195 215.61311340332 218.310852050781 220.295745849609 221.140701293945 221.599487304688 219.944717407227 214.964828491211 207.253662109375 199.530639648438 192.152389526367 186.108047485352 181.263076782227 181.719604492188 189.085678100586 200.657791137695 210.542083740234 217.085433959961 219.835556030273 221.489212036133 223.615219116211 226.469863891602 228.450134277344 230.075378417969 231 231 231 230.668563842773 230 230 230 230 230 230 229.821517944336 229.193176269531 229 229 228.433242797852 229.291458129883
192.398910522461 190.154235839844 188.644775390625 189.08039855957 190.876968383789 193.908508300781 198.015930175781 202.60871887207 207.905532836914 212.331985473633 214.311553955078 214.597991943359 212.738693237305 207.7587890625 198.869354248047 191.61735534668 185.505722045898 181.596908569336 179.359283447266 182.323760986328 192.355163574219 205.822326660156 217.349792480469 223.575012207031 226.13298034668 226.344207763672 227.027801513672 228.440032958984 229.698486328125 230.013259887695 230.175872802734 230.175872802734 230.175872802734 230.175872802734 230 230 230 230 230 230 229.949615478516 229.824127197266 229.256759643555 229 228.840026855469 229.291458129883
180.502517700195 179.301513671875 178.732452392578 178.702285766602 177.747482299805 179.175872802734 182.934677124023 188.956115722656 196.67839050293 202.809051513672 204.704925537109 204.712127685547 203.398452758789 198.470321655273 191.550765991211 185.612655639648 181.073486328125 179.378479003906 179.936294555664 184.711929321289 196.296478271484 210.696807861328 223.073654174805 229.527633666992 230.979904174805 229.778900146484 229.050247192383 229.706695556641 230.003158569336 230 230 230 230 230 230 230 230 230 230 230.002151489258 230.025131225586 230.037368774414 230.721389770508 231.047470092773 231.050247192383 231.042922973633
168.66291809082 167.08918762207 165.491607666016 164.019012451172 162.834167480469 163.336685180664 167.19775390625 173.979904174805 182.04020690918 188.170852661133 190.258636474609 190.480285644531 189.402008056641 187.259658813477 184.277084350586 181.750137329102 181.087493896484 181.752258300781 184.024063110352 190.87939453125 201.432312011719 214.939544677734 225.873992919922 231.733062744141 232.929641723633 231.790008544922 231.226135253906 231.073867797852 230.323348999023 230.226135253906 230.163635253906 230 230 230 230 230 230 230 230 230.085433959961 231.129547119141 231.939697265625 232.607940673828 233.567840576172 233.67839050293 233.386932373047
158.307235717773 154.432006835938 150.451248168945 148.111480712891 146.874374389648 147.376876831055 151.394760131836 158.645874023438 166.854278564453 172.961318969727 174.447235107422 174.447235107422 174.070129394531 175.467742919922 176.514450073242 178.314743041992 181.781875610352 185.74755859375 190.535018920898 197.658294677734 207.571472167969 218.355926513672 227.392913818359 232.180908203125 232.502517700195 231.572860717773 231.572860717773 231.187118530273 231 230.967803955078 230.414535522461 230 230 230 230 230 230 230 230 230.121917724609 232 234.330978393555 235.969848632813 237.170852661133 237.669906616211 236.989944458008
150.565032958984 144.085906982422 138.381912231445 135.592178344727 134.378295898438 135.477386474609 139.236175537109 146.137390136719 153.790023803711 159.773864746094 160.718597412109 160.718597412109 161.132095336914 164.464385986328 169.525695800781 175.489074707031 181.683410644531 187.858444213867 194.492660522461 201.778900146484 211.052352905273 218.977798461914 225.962097167969 229.805679321289 230.045227050781 229.115585327148 229.115585327148 229.115585327148 229.115585327148 229.715682983398 229.371856689453 229.671722412109 230 230 230 230 230 230.429275512695 230.628143310547 231.427139282227 233.829147338867 236.718597412109 239.377166748047 240.773864746094 241.793975830078 240.592971801758
146.035171508789 138.829147338867 132.382110595703 128.984924316406 127.733665466309 129.185928344727 132.569732666016 138.773864746094 145.979904174805 151.909545898438 152.854278564453 152.854278564453 153.512557983398 157.291458129883 163.995223999023 170.422103881836 177.54914855957 184.663314819336 192.585998535156 200.035171508789 209.110549926758 216.316589355469 222.30012512207 225.422103881836 224.7255859375 223.025131225586 223.025131225586 223.025131225586 223.750106811523 224.916763305664 226.141738891602 228.214920043945 229.733337402344 230.729141235352 230.895812988281 231.658294677734 231.658294677734 232.341705322266 232.658294677734 233.829147338867 236.706146240234 240.374740600586 242.864318847656 244.376876831055 245.396987915039 244.195983886719
144.552764892578 137.346740722656 130.788940429688 127.331657409668 127.030151367188 127.532661437988 130.839202880859 136.276779174805 143.099868774414 147.08039855957 148.969848632813 148.983642578125 149.638442993164 152.521835327148 158.179092407227 164.147903442383 170.579025268555 177.768844604492 185.839202880859 193.246231079102 201.653259277344 209.592971801758 215.462310791016 217.632080078125 215.615966796875 213.449111938477 212.712738037109 213.422317504883 215.533905029297 217.972122192383 220.971435546875 225.356109619141 228.337387084961 230.785308837891 233.032577514648 233.341705322266 234.542709350586 235.743713378906 236.086975097656 238.263885498047 240.979904174805 244.568222045898 247.467330932617 248.979904174805 250 248.79899597168
145.984924316406 138.675506591797 131.989944458008 128.532669067383 128.231155395508 128.733673095703 131.935653686523 136.613067626953 142.271362304688 146.110549926758 148 148.457290649414 149 150.519958496094 153.751022338867 158.060195922852 163.155776977539 169.824127197266 177.694686889648 185.301513671875 193.708541870117 201.54020690918 207.131942749023 208.381912231445 206.170852661133 202.901916503906 202.085433959961 203.95979309082 207.438293457031 211.336349487305 216.195983886719 222.557586669922 227.639221191406 231.63818359375 234.08039855957 235.346450805664 236.713562011719 238.072555541992 239.346740722656 241.718597412109 245.32160949707 248.43717956543 250.839202880859 252.351760864258 253.371856689453 252.170852661133
149.038436889648 140.733673095703 133.342971801758 129.366653442383 128.589553833008 129.502517700195 132.356781005859 136.613067626953 142.271362304688 146.542709350586 148.432159423828 148.691833496094 149 149.859298706055 151.688446044922 154.238830566406 158.647033691406 165.547744750977 172.753768920898 180.968658447266 188.337646484375 195.175872802734 199.555389404297 200.782730102539 198.658538818359 196.117263793945 196.380020141602 198.773422241211 203.44319152832 208.376876831055 214.658294677734 221.593246459961 227.530944824219 231.63818359375 234.08039855957 235.56282043457 237.482406616211 239.366836547852 241.266632080078 243.688446044922 247.291458129883 250.407028198242 252.809051513672 254.32160949707 255.341705322266 254.266662597656
154.517333984375 143.552490234375 134.333267211914 128.91455078125 128.018432617188 128.869354248047 132.009979248047 137.02668762207 142.904525756836 147.778717041016 150.266326904297 150.266326904297 150.266326904297 151.125625610352 151.715591430664 153.522613525391 157.481155395508 164.766723632813 172.185928344727 179.652099609375 184.896697998047 189.54948425293 192.537689208984 194.070358276367 193.415725708008 192.905487060547 194.610641479492 198.44645690918 204.558654785156 210.276382446289 216.382797241211 222.828384399414 227.917205810547 231.081390380859 233.396331787109 234.296478271484 236.216079711914 238.533218383789 241.135681152344 244.256286621094 247.859298706055 251.283508300781 253.574157714844 254.889450073242 255.909545898438 255
159.668975830078 146.657073974609 135.589904785156 128.728775024414 127.249664306641 129.127090454102 132.186309814453 138.100509643555 145.530746459961 150.62223815918 152.668334960938 152.668334960938 152.668334960938 152.810836791992 152.844177246094 153.740585327148 158.145721435547 164.924072265625 172.906921386719 179.206817626953 182.564651489258 184.597991943359 186.442489624023 187.698486328125 188.839370727539 191.663543701172 194.811111450195 200.089340209961 207.643951416016 213.87939453125 219.653869628906 224.258834838867 228.035171508789 230.7587890625 231.398727416992 232.493896484375 234.216491699219 237.216079711914 239.934677124023 243.422103881836 247.264053344727 251.055709838867 253.42854309082 254.889450073242 255.150833129883 255
160.851486206055 146.971160888672 135.789321899414 128.813522338867 128.172622680664 130.616882324219 134.417922973633 141.095474243164 149.155776977539 155.284484863281 156.875411987305 155.616073608398 155.012023925781 155 154 154.522613525391 158.295288085938 164.258071899414 171.919097900391 177.891738891602 179.134994506836 180.36181640625 181.586318969727 183.668334960938 186.140701293945 189.743713378906 194.291458129883 200.969848632813 209.050247192383 215.339050292969 220.7587890625 224.36181640625 227.286437988281 229.688446044922 229.964828491211 230.256134033203 231.947860717773 235.015075683594 238.586975097656 242.185928344727 246.08544921875 250.444274902344 253.376876831055 254.889450073242 255.031997680664 255
153.350341796875 142.638488769531 134.625137329102 130.817810058594 131.107345581055 134.994018554688 140.130645751953 147.490966796875 155.633163452148 161.223129272461 161.371627807617 158.120681762695 155.422409057617 154.797058105469 154 154.460891723633 157.503875732422 161.867584228516 167.172744750977 171.72900390625 174.414657592773 176.853744506836 179.258346557617 181.53337097168 183.738693237305 187.277618408203 191.653259277344 198.490692138672 206.648239135742 213.592971801758 218.12060546875 221.723617553711 224.648239135742 227.050247192383 228.565612792969 229.56282043457 231.482406616211 233.727432250977 236.296478271484 239.567916870117 243.95979309082 249.592514038086 253.465896606445 255.125625610352 255.930908203125 255.236175537109
142.227462768555 136.038375854492 132.310516357422 132.676651000977 135.971725463867 141.41064453125 147.773864746094 155.633163452148 164.04020690918 167.59895324707 166.192993164063 160.825210571289 155.982192993164 154.140701293945 154.0263671875 154.584259033203 155.982696533203 158.162261962891 161.389984130859 165.038604736328 169.166687011719 173.762100219727 178.422836303711 180.812225341797 181.712356567383 184.231155395508 188.050247192383 195.107620239258 203.371856689453 209.585723876953 214.517593383789 217.911895751953 220.90461730957 223.831695556641 226.723617553711 229.125625610352 231.045227050781 232.246231079102 233.945007324219 236.067504882813 241.55778503418 247.775909423828 253.617553710938 255.889450073242 256 256
133.500213623047 131.123611450195 130.902786254883 134.631698608398 140.836090087891 147.858840942383 155.831344604492 163.623291015625 171.263854980469 174.135681152344 171.582427978516 164.170852661133 157.861297607422 154.868682861328 154.660003662109 155 155.167266845703 155.601806640625 156.349060058594 159.112045288086 164.682540893555 171.018615722656 177.461700439453 180.183883666992 180.387268066406 181.093154907227 184.447235107422 191.125625610352 199.206024169922 205.414199829102 210.276382446289 213.706680297852 217.12060546875 220.723617553711 224.297546386719 227.286437988281 229.206024169922 229.970886230469 230.969848632813 232.512557983398 238.517593383789 245.32112121582 252.165832519531 254.613067626953 255.304077148438 254.723617553711
132.140090942383 130 130.648239135742 135.958908081055 144.903442382813 154.165634155273 163.20100402832 170.954772949219 176.727005004883 179.255126953125 175.938690185547 168.613067626953 162.617767333984 158.756271362305 156.627792358398 155.619903564453 154.612030029297 153.604156494141 153.32160949707 155.648239135742 161.653259277344 168.592971801758 175.102447509766 177.351760864258 177.541458129883 178.592971801758 181.683410644531 187.796722412109 195.603012084961 201.783920288086 206.311553955078 209.914566040039 213.517593383789 216.382614135742 219.884414672852 222.969879150391 224.691268920898 225.643218994141 226.527633666992 228.837860107422 234.31575012207 241.485412597656 247.507690429688 249.693466186523 250.713562011719 249.804016113281
136.246383666992 132.252593994141 131.054336547852 136.169815063477 148.576904296875 159.723663330078 169.936599731445 176.441070556641 180.689270019531 182.065322875977 180.105773925781 174.9111328125 168.949752807617 164.628768920898 160.032928466797 157.24577331543 154.537689208984 153.336685180664 153 154.298873901367 159.331665039063 165.785232543945 171.579437255859 174.618087768555 174.882232666016 175.462310791016 178.809051513672 184.932723999023 192.125625610352 198.180908203125 202.708541870117 206.311553955078 209.887298583984 212.597991943359 214.876159667969 216.051513671875 217.744430541992 219.497161865234 221.608047485352 224.180908203125 229.271362304688 235.256790161133 240.497406005859 242.608047485352 242.718597412109 242.730316162109
143.097290039063 136.728637695313 133.316589355469 138.909545898438 152.529708862305 165.909240722656 176.226135253906 181.577896118164 184.467315673828 185.440475463867 184.016586303711 180.592971801758 175.832153320313 170.561569213867 164.407562255859 158.43717956543 154.908584594727 153.737884521484 153.482406616211 155.662628173828 159.50862121582 165.22395324707 169.095474243164 171.497482299805 171.81217956543 173.060302734375 176.407028198242 181.884414672852 188.552917480469 194.577896118164 199.105529785156 202.593399047852 205.391952514648 207.793975830078 208.813369750977 209.53010559082 211.39274597168 214.085433959961 216.804016113281 219.59748840332 224.398254394531 229.62614440918 233.095703125 234.683410644531 234.793975830078 235.085433959961
