data/asc/elevation.asc
ncols 200
nrows 200
xllcorner 692310.125
yllcorner 5960789.5
cellsize 30.006875
NODATAVALUE -9999
[rows 126 to 146 of 200, columns 46 to 91 of 200]
234.743667602539 239.516876220703 244.396301269531 249.731643676758 253.985931396484 259.927978515625 266.140716552734 273.346740722656 280.552764892578 286.937652587891 290.676666259766 293.163055419922 294.490325927734 293.837005615234 290.858489990234 288.125396728516 286.321868896484 285.513153076172 285.286437988281 288.634490966797 295.022308349609 303.136260986328 309.747100830078 313.120513916016 313.427124023438 313.244415283203 313.380432128906 315.193664550781 317.768005371094 321.688446044922 326.588287353516 332.2861328125 335.7587890625 335.201019287109 328.977142333984 323.307983398438 321.377227783203 322.273468017578 325.635620117188 329.688446044922 334.685333251953 340.467071533203 343.728637695313 341.662384033203 336.30029296875 332.150482177734
232.951217651367 235.075576782227 237.79833984375 240.485717773438 242.348983764648 245.068435668945 250.381912231445 257.243255615234 264.266326904297 271.918609619141 277.235260009766 282.105682373047 286.317810058594 289.581298828125 291.594604492188 292.913940429688 293.937408447266 294.571105957031 294.292694091797 294.717102050781 295.151641845703 296.053497314453 296.705017089844 297.078979492188 296.650177001953 297.283874511719 299.111541748047 303.098999023438 307.797088623047 313.056121826172 316.462219238281 319.657043457031 321.516418457031 320.788940429688 317.014495849609 314.040679931641 314.581176757813 317.977478027344 323.415710449219 328.779205322266 332.315826416016 335.365020751953 337.050262451172 335.582916259766 332.241180419922 330.779937744141
231.517593383789 232.066848754883 232.165878295898 233.206024169922 233.67839050293 235.198837280273 239.28352355957 245.913177490234 253.025131225586 261.216156005859 268.096282958984 274.976409912109 281.677917480469 288.232147216797 293.72607421875 298.817993164063 302.171020507813 303.763824462891 303.236175537109 302.098419189453 297.071075439453 292.170562744141 287.774780273438 285.361267089844 284.2412109375 285.639923095703 289.133117675781 294.812255859375 302.002868652344 307.964813232422 309.964080810547 310.268035888672 310.170867919922 309.932220458984 308.584503173828 308.495513916016 311.341461181641 317.000946044922 324.679595947266 329.899505615234 331.884094238281 332.048461914063 332.000885009766 330.954620361328 329.518157958984 330.279022216797
230.087677001953 229.693466186523 229.140701293945 229.989944458008 231.12060546875 232.806442260742 237.261306762695 243.91960144043 251.919799804688 260.261291503906 267.467346191406 275.098480224609 282.809051513672 290.813903808594 298.020111083984 303.763824462891 307.643218994141 309.381896972656 308.854278564453 306.523040771484 300.891754150391 293.088165283203 287.256286621094 283.382781982422 282.934600830078 283.794982910156 288.291442871094 294.922485351563 302.979888916016 308.939971923828 309.415771484375 306.705352783203 304.580383300781 305.098937988281 306.145111083984 308.086029052734 313.685882568359 320.819091796875 328.909545898438 334.739685058594 335.18603515625 332.465576171875 330.359985351563 328.354034423828 327.224792480469 329.507141113281
229.753768920898 228.611190795898 228.130645751953 230.051055908203 233.686492919922 237.854598999023 243.7587890625 250.964828491211 258.170867919922 266.376892089844 273.839202880859 282.186492919922 289.864318847656 296.958068847656 302.939025878906 308.175872802734 311.256195068359 312.924621582031 312.39697265625 310.139190673828 304.994232177734 298.50830078125 293.328521728516 290.306518554688 289.115570068359 290.587951660156 294.407043457031 301.7587890625 310.925964355469 314.894866943359 313.511627197266 308.488311767578 304.904510498047 305.255584716797 308.784820556641 313.227722167969 320.291442871094 328.698486328125 337.105529785156 341.687316894531 339.719116210938 334.891082763672 330.106018066406 328.125 326.221099853516 328.549865722656
230.167098999023 229.811645507813 230.209976196289 234.005279541016 239.257873535156 245.829147338867 253.035171508789 260.2412109375 267.730560302734 275.653259277344 283.030578613281 290.733673095703 297.721374511719 303.669769287109 308.507537841797 312.023895263672 314.457275390625 315.658294677734 315.130645751953 313.820648193359 310.349639892578 305.943939208984 302.206573486328 299.582916259766 298.700286865234 299.864318847656 303.683410644531 310.811859130859 319.110565185547 322.482543945313 318.853057861328 312.288970947266 307.744842529297 308.753753662109 314.086975097656 320.771728515625 328.538482666016 336.773864746094 344.887573242188 347.852447509766 344.704467773438 337.738708496094 331.909545898438 328.884429931641 327.422119140625 329.594146728516
232.458801269531 234.587005615234 237.067474365234 242.04020690918 248.041946411133 254.236175537109 261.442199707031 268.648254394531 276.708557128906 284.001403808594 290.201019287109 296.919860839844 302.538787841797 307.502502441406 312.778900146484 316.12060546875 318.306549072266 319.440643310547 318.733673095703 318 315.473510742188 312.51025390625 309.859283447266 307.920349121094 307.728637695313 308.126800537109 311.306182861328 317.703521728516 324.852416992188 326.879333496094 322.939697265625 316.46533203125 312.456817626953 313.422119140625 320.721221923828 328.548583984375 335.83349609375 343.083190917969 349.023895263672 350.401733398438 347.147552490234 339.86767578125 334.311553955078 331.760192871094 330.269287109375 332.965362548828
235.928634643555 243.056213378906 249.23258972168 255.050247192383 259.500823974609 263.741882324219 269.849243164063 277.055267333984 285.115570068359 291.623107910156 296.375610351563 300.694641113281 304.617523193359 309.170867919922 315.003051757813 319.915344238281 322.520111083984 323.687652587891 323.070343017578 322.851959228516 321.135681152344 319.076538085938 317.5556640625 316.266326904297 316.135681152344 316.407043457031 318.678558349609 322.960113525391 327.931365966797 329.316589355469 326.214599609375 321.025115966797 318.573333740234 320.805999755859 328.698486328125 336.61767578125 342.460144042969 347.2646484375 350.471740722656 350.095489501953 346.757873535156 340.920440673828 336.990081787109 335.964111328125 335.915618896484 339.567840576172
241.152755737305 252.927429199219 262.799713134766 269.462310791016 271.403564453125 273.012725830078 277.321594238281 284.527648925781 292.587951660156 298.725830078125 301.268005371094 303.321044921875 305.294250488281 310.240356445313 316.292541503906 322.897491455078 326.698455810547 327.782012939453 326.939697265625 326.799743652344 326.454956054688 325.206024169922 324.629699707031 323.738708496094 323.608032226563 323.87939453125 325.142120361328 327.129425048828 328.849761962891 329.919708251953 328.087463378906 325.298400878906 324.673370361328 328.955444335938 337.030364990234 344.015075683594 348.635894775391 350.511413574219 350.158264160156 347.959808349609 345.233947753906 341.96142578125 340.135925292969 340.635375976563 342.87939453125 346.773864746094
246.353530883789 259.788177490234 271.457275390625 277.553131103516 278.128845214844 278.251251220703 281.261291503906 287.919586181641 295.863983154297 301.927093505859 303.221496582031 304.321594238281 305.611938476563 310.296478271484 317.369995117188 324.442199707031 329.060302734375 330.045684814453 329.135681152344 328.864318847656 328.900451660156 328.596069335938 328.135681152344 328.135681152344 328.135681152344 328.135681152344 328.479858398438 328.864318847656 328.745697021484 328.738861083984 328.625427246094 328.064758300781 329.584503173828 334.787658691406 342.753753662109 349.39697265625 352.205902099609 351.452270507813 349.126831054688 345.790496826172 344.504852294922 343.337493896484 343.500427246094 345.321594238281 348.027923583984 352.377532958984
252.233703613281 263.030670166016 272.749420166016 277.302520751953 277.939697265625 277.325805664063 280.435668945313 286.909545898438 294.115570068359 300.100494384766 302.076232910156 302.937866210938 304.979888916016 310.249114990234 317.422119140625 325.306518554688 329.768981933594 330 328.507995605469 327.641326904297 327.592956542969 328.326629638672 328.326629638672 328.326629638672 328.663330078125 328.663330078125 328.190948486328 327.209899902344 326.115570068359 326.402008056641 327.419677734375 328.462158203125 331.371856689453 337.613067626953 344.819091796875 351.462310791016 353.854278564453 352.193084716797 348.125640869141 345.028747558594 345.43310546875 346.324920654297 347.930267333984 350.125640869141 353.281402587891 356.592956542969
258.552551269531 265.022308349609 270.843780517578 273.236175537109 274.363708496094 274.427124023438 277.733673095703 283.492980957031 290.512573242188 296.497497558594 298.781005859375 301.085083007813 304.48681640625 310.2314453125 317.927368164063 325.306518554688 329.213745117188 328.798980712891 326.268920898438 325.321594238281 324.653259277344 325.386932373047 325.746307373047 325.924621582031 326.924621582031 326.924621582031 326.198272705078 324.402252197266 322.580108642578 322.965148925781 324.811920166016 327.356781005859 331.324554443359 337.738708496094 344.944732666016 351.587951660156 353.979888916016 351.412048339844 346.924621582031 344.547729492188 346.056762695313 348.774658203125 351.452270507813 353.854278564453 356.298095703125 359.12060546875
265.610107421875 268.082977294922 270.464416503906 271.221923828125 272.298431396484 273.502502441406 276.809051513672 282.266326904297 288.494598388672 293.674011230469 296.963195800781 300.709655761719 305.371856689453 311.035186767578 318.36181640625 325.113494873047 328.261291503906 327.108001708984 323.929656982422 322.457275390625 321.788940429688 322.867828369141 323.929656982422 324.261291503906 325.261291503906 325.261291503906 324.316589355469 321.593109130859 319.035186767578 318.878997802734 320.597991943359 323.477386474609 327.7587890625 334.321594238281 342.266326904297 349.117431640625 352.040191650391 349.472351074219 344.984924316406 342.671142578125 344.909027099609 347.984924316406 351.408050537109 354.040191650391 355.770324707031 358.628936767578
274.532440185547 274.6318359375 275.346740722656 275.698486328125 276.795959472656 279.140716552734 282.022247314453 285.737091064453 290.287689208984 295.09716796875 299.828765869141 305.017639160156 310.331665039063 315.1875 320.127868652344 324.554138183594 326.12060546875 324.793975830078 322.33984375 321.056365966797 321.5166015625 323.407043457031 324.608032226563 325.756622314453 326.005798339844 326.624389648438 324.551086425781 320.979888916016 317.429595947266 315.185455322266 315.014831542969 315.405670166016 319.195983886719 325.7587890625 335.055633544922 343.708557128906 347.725738525391 346.130645751953 342.474304199219 340.130920410156 340.544921875 341.847717285156 343.840515136719 346.261291503906 349.633178710938 352.927154541016
284.125640869141 284.125640869141 284.125640869141 284.974884033203 286.226135253906 288.628143310547 290.966522216797 293.107635498047 296.146118164063 299.651000976563 305.136566162109 312.054290771484 318.043060302734 321.180297851563 323.184020996094 323.785766601563 323.512847900391 322.203887939453 320.835174560547 320.924621582031 322.429443359375 325.000427246094 326.903076171875 328.897766113281 330.140716552734 329.831176757813 327.110565185547 321.633178710938 316.256469726563 311.330535888672 307.350677490234 304.195465087891 305.296539306641 311.570983886719 323.419616699219 334.883819580078 341.047790527344 341.568511962891 338.767669677734 336.254302978516 333.848846435547 331.621612548828 330.946960449219 332.949737548828 337.826782226563 342.508331298828
292.708557128906 292.708557128906 292.708557128906 293.847991943359 295.150756835938 297.552764892578 299.502502441406 299.827026367188 301.125183105469 303.282623291016 309.389801025391 317.085418701172 322.749938964844 323.706359863281 322.893981933594 321.021270751953 318.987121582031 317.969848632813 317.633178710938 318.720825195313 320.773864746094 324.376892089844 327.311553955078 328.844207763672 329.633178710938 329.090454101563 325.582305908203 319.924621582031 313.343994140625 306.888824462891 300.197021484375 293.535369873047 291.712921142578 298.080413818359 311.944396972656 325.859283447266 333.384979248047 335.291442871094 333.522613525391 331.005981445313 326.321838378906 319.983459472656 316.659240722656 318.020111083984 325.096984863281 331.432159423828
297.085418701172 297.085418701172 297.085418701172 298.783905029297 300.213195800781 303.130645751953 304.8349609375 304.432159423828 304.939697265625 305.733825683594 310.259521484375 315.913757324219 319.904052734375 319.418060302734 317.047668457031 314.016174316406 311.950103759766 310.994964599609 311.127380371094 312.331665039063 314.85546875 318.060302734375 320.632263183594 321.984924316406 320.953796386719 319.402008056641 315.839263916016 311.216949462891 306.692779541016 300.834167480469 293.501770019531 286.442199707031 284.197326660156 290.050384521484 303.867492675781 318.147705078125 326.436676025391 329.114624023438 327.997589111328 325.441070556641 319.125946044922 310.554565429688 305.824127197266 306.979888916016 314.834167480469 322.525024414063
298 297.667388916016 297.256286621094 298.954772949219 301.150756835938 304.502502441406 306.336364746094 306.090454101563 306.597991943359 306.042510986328 307.22216796875 308.889282226563 309.154357910156 307.356781005859 305.683044433594 303.234527587891 301.844207763672 301.136535644531 301.271759033203 302.388610839844 304.095489501953 306.617248535156 307.990386962891 307.005065917969 303.163757324219 299.868530273438 297.033813476563 295.75537109375 295.565979003906 293.509887695313 288.777923583984 283.480682373047 281.934661865234 287.532653808594 299.673858642578 312.139221191406 319.467346191406 322.729370117188 321.739227294922 319.790740966797 312.459259033203 303.5068359375 298.160797119141 299.316589355469 307.170867919922 314.994964599609
296.822662353516 295.663330078125 295.110565185547 296.809051513672 299.308776855469 303.557800292969 305.507537841797 306.019165039063 306.047210693359 304.950836181641 302.211547851563 298.146179199219 294.705932617188 292 291.599670410156 290.593597412109 290.090454101563 289.552764892578 289.552764892578 290.556365966797 291.140716552734 293.101196289063 293.031921386719 289.337310791016 283.473968505859 277.492523193359 275.968872070313 278.484283447266 283.071075439453 285.30322265625 283.693054199219 281.609283447266 281.678405761719 286.445587158203 295.898345947266 305.980377197266 311.805572509766 314.753753662109 313.618103027344 311.874359130859 304.381896972656 295.947937011719 290.954772949219 291.270263671875 299.964813232422 307.788940429688
295.608032226563 293.959808349609 292.94873046875 294.698486328125 298.201019287109 302.502502441406 304.838623046875 305.201019287109 304.605285644531 302.132659912109 295.696319580078 288.705902099609 282.542724609375 279.115570068359 278.894470214844 279.834167480469 279.901550292969 279.979888916016 279.979888916016 279.979888916016 280.207427978516 280.834167480469 279.594879150391 275.502502441406 268.724029541016 262.874359130859 262.36181640625 267.457275390625 274.663330078125 279.417083740234 279.417083740234 278.939697265625 278.996612548828 283.540191650391 290.373565673828 297.908752441406 301.80908203125 302.735473632813 301.946502685547 298.472351074219 292.850799560547 284.689819335938 280.562805175781 282.159759521484 289.884429931641 297.708557128906
294.407043457031 292.913879394531 292.423461914063 294.646209716797 298.547729492188 302.762115478516 304.295440673828 303.546966552734 300.658843994141 296.568786621094 288.778900146484 280.530426025391 273.628143310547 270.201019287109 269.979888916016 270.919586181641 271.221618652344 271.802856445313 271.919586181641 271.919586181641 271.919586181641 271.919586181641 271.251251220703 268.045074462891 263.073913574219 259.645477294922 259.63818359375 264.266723632813 270.639892578125 274.613067626953 274.517242431641 273.788940429688 273.031097412109 275.827362060547 280.225646972656 285.116424560547 287.157928466797 285.641662597656 283.030029296875 279.099975585938 274.238830566406 268.18408203125 265.349273681641 268.122467041016 275.125640869141 282.949737548828
