data/asc/elevation.asc
ncols 200
nrows 200
xllcorner 692310.125
yllcorner 5960789.5
cellsize 30.006875
NODATAVALUE -9999
[rows 105 to 125 of 200, columns 92 to 137 of 200]
398.090454101563 400.492462158203 402.894470214844 407.572845458984 413.778900146484 420.932434082031 426.688446044922 429.598541259766 429.688446044922 428.788940429688 428.841979980469 429.523742675781 429.884399414063 430 430 430.507537841797 431 431 431 431 431 431.713562011719 432 432 431.683410644531 431 429.562805175781 427.257843017578 423.741363525391 419.351745605469 415.803894042969 411.60400390625 406.926727294922 404.507537841797 403.633178710938 403.633178710938 403.633178710938 403.731262207031 403.752471923828 404.175872802734 404.844207763672 404.844207763672 405.680267333984 405.618835449219 405.492095947266 405.365356445313
399.753570556641 402.212585449219 404.708557128906 408.965698242188 413.903656005859 420.028411865234 424.966796875 426.979888916016 426.979888916016 426.080413818359 426.582916259766 427.51171875 428.875244140625 430 430 430.507537841797 431 430.72119140625 430.727355957031 431 431 431.713562011719 432 432 431.683410644531 431 429.783081054688 428.386932373047 426.288238525391 422.954772949219 419.874359130859 416.748748779297 413.145721435547 410.793975830078 409.919586181641 409.919586181641 410.142944335938 411.155792236328 411.743408203125 413.477386474609 414.309020996094 414.227355957031 414.145721435547 412.926879882813 411.0927734375 409.194000244141
402.757476806641 405.251068115234 407.804016113281 411.760589599609 414.900054931641 418.737457275391 422.233428955078 422.971374511719 422.869354248047 422.122863769531 422.979888916016 425.241485595703 428.253051757813 429.546020507813 430 430.249938964844 430.492462158203 430.044555664063 430.110565185547 431 431 431.713562011719 432 432 431.844085693359 431.244842529297 430.646118164063 429.587951660156 428.327545166016 426.213470458984 423.477386474609 419.984497070313 416.2412109375 414.39697265625 413.356842041016 413.282867431641 413.881439208984 415.416564941406 417.422119140625 420.530151367188 422.070343017578 422.176391601563 422.045227050781 420.5693359375 416.351684570313 411.591430664063
405.761627197266 408.295379638672 410.280792236328 413.899505615234 416.091430664063 417.787475585938 419.484985351563 418.974884033203 419.482421875 418.884429931641 420.085418701172 422.693481445313 426.937377929688 428.39697265625 429.508636474609 430 430 430 430.110565185547 431 431 431.713562011719 432 432 432 431.482421875 431 430.731964111328 430.296478271484 428.773864746094 426.742156982422 423.231170654297 419.351745605469 417.291442871094 416.090454101563 415.944732666016 416.933349609375 418.984924316406 421.610168457031 425.497497558594 427.744262695313 428.542724609375 428.542724609375 426.1953125 420.203643798828 413.34765625
407.402008056641 409.989959716797 412.617584228516 415.013671875 416.026824951172 416.587951660156 417.788940429688 417.190948486328 417.171813964844 417.391967773438 418.592956542969 421.201019287109 424.885833740234 426.382415771484 428.1181640625 428.642547607422 429.734893798828 430 430.110565185547 431 431 431.713562011719 432 432 432 431.482421875 431 431 430.989105224609 430.558837890625 428.821136474609 425.673248291016 422.886199951172 420.60302734375 419.699096679688 419.685913085938 420.457275390625 422.587951660156 425.132415771484 428.482421875 430.884429931641 431.819091796875 431.819091796875 429.017303466797 421.889434814453 414.194366455078
409.054443359375 411.037628173828 412.8828125 414.889434814453 415.153167724609 415.833892822266 416.510711669922 416.778900146484 416.889434814453 417.190948486328 418.391967773438 419.592956542969 421.598480224609 423.785522460938 425.391967773438 427.850067138672 428.9677734375 430.010101318359 430.208892822266 431 431 431.713562011719 432 432 432 431.482421875 431 431 431 430.713958740234 429.587951660156 427.663330078125 425.465759277344 424.331665039063 424.041137695313 423.911529541016 424.331665039063 425.261291503906 428.357421875 430.331665039063 431.473785400391 431.889434814453 431.889434814453 429.090362548828 421.643218994141 413.773864746094
409.339019775391 410.381896972656 412.198699951172 412.753753662109 412.753753662109 413.251251220703 413.971374511719 414.345581054688 415.408203125 415.989959716797 417.190948486328 418.172760009766 418.999603271484 420.2763671875 422.773895263672 426.0576171875 428.617736816406 430.819091796875 431 431 431 431.713562011719 432 432 432 431.482421875 431 431 431 431 430.640197753906 429.089782714844 428.623107910156 427.623107910156 427.623107910156 427.623107910156 427.623107910156 428.552764892578 429.713073730469 430.539886474609 431 431 431 428.321594238281 421.748107910156 414.085418701172
408.747589111328 408.470001220703 408.439849853516 407.388244628906 406.924621582031 407.422119140625 408.265106201172 409.772613525391 411.640716552734 413.918365478516 415.219818115234 415.462310791016 415.462310791016 416.673370361328 419.696136474609 424.517578125 428.267700195313 430.819091796875 431 431 431 431.713562011719 432 432 432 431.482421875 431 431 431 431 431 430.2763671875 430 429.576965332031 430.025115966797 430.025115966797 429.651641845703 429.965698242188 431 431 431 431 431 428.391143798828 422.6650390625 416.350189208984
407.442565917969 404.394897460938 401.8994140625 399.195983886719 398.079895019531 398.075378417969 399.076324462891 401.732299804688 405.091827392578 409.250335693359 411.504302978516 411.357299804688 411.145721435547 412.507385253906 417.105529785156 423.327331542969 428.125640869141 431.468109130859 431.634674072266 431 431 431.204376220703 431.939056396484 432 432 431.482421875 431 431 431 431 431.372924804688 430.989959716797 430.713562011719 430.749542236328 431 431 430.791290283203 430.713562011719 431 431 431 430.476470947266 430.286437988281 428.650909423828 424.983978271484 420.373626708984
404.28515625 398.933624267578 394.002075195313 389.500610351563 387.472351074219 387.266326904297 389.106170654297 393.204559326172 398.098419189453 404.52197265625 407.7587890625 408.196166992188 407.343597412109 408.77490234375 414.983856201172 422.130645751953 428.507080078125 431.811370849609 431.889434814453 431 431 431 431.914581298828 432 432 431.955780029297 431.914581298828 431.914581298828 431.914581298828 431.914581298828 431.959228515625 431.2763671875 431 431 431 431 431 431 431 431 431 430.266326904297 430 429.767303466797 428.098266601563 425.536987304688
399.902893066406 393.065582275391 385.824127197266 380.211059570313 379.044311523438 379.474578857422 382.015411376953 387.254730224609 394.499053955078 401.507537841797 405.560577392578 406.115570068359 406.115570068359 407.643218994141 414.225891113281 422.045227050781 428.542724609375 431.819091796875 431.889434814453 431 431 431 431.914581298828 432 432 432.059814453125 432.115570068359 432.115570068359 432.115570068359 432.115570068359 432.115570068359 431.308319091797 431.106872558594 431.115570068359 431.115570068359 431.115570068359 431.115570068359 431.115570068359 431 431 431 430.266326904297 430 430.015686035156 429.817810058594 429.169006347656
393.145721435547 385.026702880859 377.417083740234 372.718658447266 372.288238525391 374.541137695313 378.683441162109 385.365173339844 394.051910400391 402.140716552734 406.797271728516 407.949737548828 407.949737548828 409.443969726563 415.472351074219 422.517700195313 428.410675048828 431.790466308594 431.889434814453 431 431 431 431.914581298828 432 432.100219726563 432.670318603516 433 433 433 433 433 431.781860351563 431.948486328125 432 432 432 432 432 431 431 431 430.498596191406 430.316589355469 430.409301757813 431 430.632537841797
385.684814453125 377.188079833984 369.527648925781 365.461486816406 366.829528808594 371.709747314453 377.999450683594 385.814056396484 395.787170410156 404.181182861328 409.802795410156 411.552764892578 411.552764892578 412.974884033203 418.074645996094 423.792572021484 428.125640869141 431.257873535156 431.429077148438 431 431 431.369323730469 432.432159423828 432.517578125 432.834167480469 433.517578125 433.517578125 433.517578125 433.517578125 433.517578125 433.517578125 432.793975830078 432.517578125 432.517578125 432.517578125 432.517578125 432.517578125 432.517578125 431.517578125 431.517578125 431.517578125 431.137847900391 431 431.070220947266 431.343322753906 430.721710205078
378.959808349609 370.552764892578 363.040191650391 360.289703369141 363.243194580078 369.905242919922 377.974304199219 386.942840576172 397.422119140625 405.527648925781 411.728637695313 414.22412109375 414.437194824219 415.859283447266 420.663330078125 425.102630615234 428.335052490234 430.819091796875 431 431 431 431.713562011719 432.914581298828 433 433.316589355469 434 434 434 434 434 434 433.2763671875 433 433 433 433 433 433 432 432 432 431.793548583984 431.718597412109 431.756774902344 431.663330078125 430.462310791016
376.633178710938 368.226135253906 360.713562011719 358.271362304688 361.562805175781 369.020294189453 377.889434814453 387.195983886719 396.876342773438 405.531768798828 411.090454101563 414.430877685547 415.831787109375 417.244659423828 421.226135253906 425.522613525391 428.417083740234 430.819091796875 431 431 431 431.713562011719 432.914581298828 433 433.316589355469 434 434 434 434 434 434 433.2763671875 433 433 433 433 433 433 432.120147705078 432.919586181641 432.919586181641 432.919586181641 432.919586181641 432.919586181641 432.582916259766 431.381896972656
377.045227050781 368.535888671875 360.645904541016 357.311553955078 360.899505615234 369.040496826172 377.889434814453 386.18798828125 395.57080078125 403.302703857422 408.889434814453 412.286437988281 414.688446044922 417.329315185547 421.309753417969 425.583831787109 428.537689208984 430.830017089844 431 431 431 431.713562011719 432.914581298828 433 433.278411865234 433.87939453125 433.87939453125 433.87939453125 434 434 434 434 433.075378417969 433 433 433 433 433 433.015747070313 433.12060546875 433.12060546875 433.765777587891 434 433.880676269531 433.079986572266 431.989471435547
376.23876953125 368.725524902344 360.417083740234 358.190948486328 361.778900146484 369.482421875 377.889434814453 385.39697265625 394.60302734375 401.712066650391 407.688446044922 411.311676025391 414.099945068359 417.709777832031 421.919586181641 426.030151367188 429.417083740234 430.909545898438 431 431 431 431.713562011719 432.914581298828 433 433 433 433 433 434 434 434 434 433.075378417969 433 433 433 433 433 433.130645751953 434 434 434.235961914063 434.321594238281 434.277984619141 433.771606445313 432.783905029297
370.348907470703 364.905731201172 358.528015136719 357.718231201172 361.778900146484 369.482421875 377.889434814453 385.39697265625 394.655548095703 402.187713623047 408.055267333984 412.155792236328 415.7587890625 419.36181640625 422.964813232422 426.810119628906 429.569396972656 430.909545898438 431 431 431 431.713562011719 432.914581298828 433 433 433 433 433 434 434 434 434 433.075378417969 433 433 433 433 433 433.130645751953 434 434 434.733673095703 435 434.864318847656 434 433.462310791016
358.195556640625 356.273559570313 354.298553466797 356.631896972656 361.778900146484 369.122406005859 377.671264648438 386.047882080078 395.499847412109 404.474456787109 411.180908203125 415.790496826172 418.953521728516 422.487426757813 425.86865234375 428.602600097656 430.432159423828 430.975006103516 431 431 431 431.197204589844 432.852752685547 433 432.770904541016 432.2763671875 432.2763671875 432.2763671875 434 434 434 434 433.075378417969 433 433 433 433 433 433.036102294922 433.2763671875 433.2763671875 434.010040283203 434.952728271484 434.864318847656 434 433.462310791016
344.830291748047 346.677368164063 349.941375732422 355.545562744141 361.778900146484 368.984924316406 377.587951660156 387.128173828125 397.746185302734 407.884429931641 415.248565673828 420.512573242188 423.507537841797 426.090454101563 428.820068359375 429.470428466797 430.708557128906 431 431 431 431 431 431.983520507813 432.075378417969 432.051513671875 432 432 432 433.075378417969 433.075378417969 433.075378417969 433.075378417969 432.150756835938 432.075378417969 432.075378417969 432.075378417969 432.075378417969 432.075378417969 432.196166992188 433 433 433.733673095703 434.070465087891 434.065155029297 434 433.462310791016
336.606140136719 341.477447509766 349.499298095703 357.201019287109 364.444274902344 371.738708496094 380.253967285156 389.711120605469 400.268768310547 410.36181640625 417.70068359375 422.939697265625 425.934661865234 428.336669921875 430.393646240234 431 431 431 431 431 431 431 431.914581298828 432 432 432 432 432 433 433 433 433 432.075378417969 432 431.958953857422 431.874359130859 431.874359130859 431.874359130859 432 432 432 432.733673095703 433.934661865234 434 434 433.462310791016
