data/asc/elevation.asc
ncols 200
nrows 200
xllcorner 692310.125
yllcorner 5960789.5
cellsize 30.006875
NODATAVALUE -9999
[rows 126 to 146 of 200, columns 92 to 137 of 200]
333.964935302734 342.327392578125 352.720001220703 363.563842773438 371.36181640625 379.271362304688 386.947723388672 394.962463378906 404.044891357422 412.566864013672 419.010040283203 423.814056396484 427.1044921875 429.503234863281 431 431 431 430.702911376953 430.70947265625 431 431 431 431.615844726563 431.673370361328 431.673370361328 431.673370361328 431.673370361328 431.673370361328 432.673370361328 432.673370361328 432.673370361328 432.673370361328 431.748748779297 431.673370361328 431.453430175781 431 431 431 431.716033935547 432 432 432.494018554688 433.608032226563 433.673370361328 433.783325195313 433.462310791016
335.002105712891 345.517578125 358.471557617188 370.884552001953 379.768829345703 387.415893554688 394.356781005859 401.088195800781 407.605255126953 413.876098632813 418.744903564453 423.657623291016 427.236297607422 429.633575439453 431 430.732208251953 430.472351074219 430.042724609375 430.110565185547 431 431 431 431 431 431 431 431 431 431.472351074219 431.472351074219 431.472351074219 431.472351074219 431.035614013672 431 430.827667236328 430.472351074219 430.472351074219 430.472351074219 431.130645751953 432 432 432 432.934661865234 433 433.159027099609 433.218383789063
337.027160644531 348.897247314453 363.571350097656 377.337463378906 385.989959716797 393.402008056641 399.596588134766 405.028015136719 409.813323974609 414.206024169922 418.507537841797 423.004974365234 426.080413818359 428.482421875 430.271362304688 430.133636474609 430 430 430.110565185547 431 431 431 431 431 431 431 431 431 431 431 431 431 431 431 430.673370361328 430 430 430 431.130645751953 432 432 432 432.253631591797 432.271362304688 432.516693115234 433
337.432159423828 350.272827148438 366.389343261719 379.597991943359 387.453765869141 393.095306396484 397.983825683594 403.645263671875 408.629089355469 414.206024169922 418.507537841797 422.160034179688 424.87939453125 427.183288574219 428.425659179688 429.542175292969 430 430 430.110565185547 431 431 431 431 431 431 431 431 431 431 431 431 431 431 431 430.673370361328 430 430 430 431.130645751953 432 432 432 432 432 432.336669921875 433
336.924621582031 351.015075683594 366.628143310547 379.429748535156 385.550659179688 388.83984375 392.311553955078 397.831085205078 405.207153320313 413.023498535156 417.507537841797 420.315124511719 421.655700683594 423.727355957031 425.351745605469 427.820068359375 429.670471191406 430.790710449219 430.096099853516 430.869354248047 430.423767089844 430.713562011719 431 431 431 430.482421875 430 430.799438476563 430.869354248047 430.911376953125 431 430.905456542969 430.869354248047 430.869354248047 430.585388183594 430 430 430.121459960938 431.130645751953 432 432 432 431.877868652344 431.887084960938 432 432.467437744141
337.424621582031 351.116729736328 366.628143310547 378.114074707031 382.436492919922 383.170867919922 385.537170410156 392.037017822266 400.94287109375 411.245727539063 417.009216308594 419.040191650391 419.036682128906 420.216094970703 422.618103027344 425.695953369141 428.753753662109 429.638336181641 429.705017089844 430 430 430.713562011719 431 431 431 430.482421875 430 430 429.959991455078 429.88330078125 430.336669921875 429.853057861328 429.975006103516 430 430 430 430 430.929656982422 431.130645751953 432 432 431.513336181641 430.402008056641 430.472351074219 431.336669921875 431.693328857422
340.300506591797 352.180816650391 366.207885742188 376.265716552734 379.263458251953 379.432159423828 381.331665039063 388.231170654297 398.418823242188 409.045227050781 415.207366943359 416.796112060547 416.030151367188 416.613067626953 419.015075683594 422.161804199219 424.909027099609 426.730712890625 428.104125976563 429.63330078125 430.273010253906 430.866149902344 431 431 431 430.482421875 430 429.510162353516 428.814056396484 427.934661865234 427.934661865234 427.934661865234 428.859283447266 429.001586914063 429.467346191406 429.748382568359 430 430.929656982422 431.130645751953 431.823333740234 431.18359375 429.467346191406 427.004272460938 427.005035400391 428.22802734375 430.296447753906
345.619110107422 354.851806640625 365.337799072266 373.085418701172 376.016510009766 377.030151367188 379.954559326172 386.636535644531 397.170867919922 407.155670166016 413.040191650391 414.532653808594 412.964508056641 413.5888671875 414.453491210938 416.481903076172 418.826354980469 421.818054199219 425.182312011719 428.806457519531 430.512573242188 431 431 431 431 430.862152099609 430.206451416016 429.080413818359 426.323577880859 424.563049316406 424.065338134766 424.596221923828 426.401977539063 427.391967773438 428.505981445313 429.140533447266 429.800903320313 430.929656982422 431.130645751953 431.668334960938 430.076538085938 426.722442626953 422.309234619141 421.56689453125 423.985717773438 428.201019287109
351.642242431641 357.341949462891 364.418365478516 369.571655273438 373.427124023438 375.55810546875 379.793975830078 386.39697265625 395.781982421875 404.005035400391 409.233825683594 410.261291503906 409.297698974609 409.261291503906 409.281341552734 409.867340087891 411.809051513672 415.970733642578 420.910186767578 427.336181640625 430.512573242188 431 430.145172119141 430.065338134766 430.361236572266 430.516235351563 430.018371582031 427.361358642578 423.776733398438 420.573760986328 419.261291503906 420.661285400391 423.045227050781 425.256286621094 426.762573242188 428.558502197266 429.728637695313 430.929656982422 431.130645751953 431.358337402344 428.004272460938 422.575561523438 415.775390625 414.663330078125 418.031402587891 424.452301025391
355.884429931641 360.086822509766 363.833404541016 368.286437988281 371.889434814453 375.062469482422 379.533355712891 385.253387451172 391.796844482422 397.475982666016 401.715728759766 402.547760009766 401.725738525391 401.898742675781 402.997741699219 403.831176757813 406.066650390625 411.2763671875 417.256286621094 424.108489990234 428.551940917969 429.689788818359 429.852722167969 429.984313964844 429.821380615234 429.140838623047 427.776885986328 424.698486328125 421.007598876953 417.407043457031 416.728637695313 417.550445556641 420.63818359375 423.098541259766 425.381896972656 427.256286621094 428.457275390625 429.658294677734 429.728637695313 429.065338134766 425.453460693359 418.321594238281 409.787750244141 407.303192138672 410.315673828125 418.005035400391
359.321624755859 362.520294189453 365.426788330078 368.623107910156 372.325958251953 376.165832519531 379.997009277344 382.789947509766 385.482727050781 387.56982421875 389.123931884766 388.582916259766 388.286437988281 390.241912841797 393.659057617188 398.18603515625 403.399353027344 409.211059570313 413.878295898438 419.457916259766 423.690155029297 426.750885009766 428.857055664063 429.845520019531 428.133544921875 425.606262207031 422.637451171875 419.530731201172 416.493255615234 415.113311767578 414.839263916016 416.447235107422 419.462554931641 421.788940429688 423.206604003906 424.676635742188 425.718597412109 426.919586181641 427.033935546875 426.551666259766 421.793975830078 413.360229492188 403.839202880859 399.597534179688 400.763244628906 406.497222900391
361.522613525391 363.924621582031 366.740142822266 369.286437988281 373.185943603516 377.492462158203 380.021423339844 379.495025634766 377.973571777344 375.136749267578 373.507537841797 371.928253173828 371.958709716797 376.140075683594 383.494445800781 393.145324707031 401.691589355469 408.010040283203 410.599700927734 413.078704833984 417.099731445313 422.549499511719 427.576477050781 429.169006347656 425.804656982422 420.759979248047 415.769409179688 413.429138183594 412.451782226563 413.097534179688 413.984924316406 415.909545898438 418.311553955078 419.982696533203 420.713562011719 421.386932373047 421.723785400391 423.278747558594 423.447326660156 422.854278564453 417.653259277344 407.851745605469 397.331604003906 391.492279052734 390.346466064453 393.195648193359
360.507537841797 362.909545898438 365.311553955078 367.809051513672 371.489532470703 374.908905029297 376.743713378906 373.917327880859 368.539947509766 362.485809326172 359.000671386719 357.248321533203 357.778900146484 362.768981933594 373.789855957031 387.393035888672 399.051818847656 405.398468017578 406.074127197266 406.699493408203 409.752014160156 416.451202392578 423.554992675781 425.698486328125 421.545043945313 415.201019287109 409.962982177734 408.125640869141 408.343994140625 410.844207763672 412.045227050781 413.969848632813 415.688842773438 416.783905029297 417.110565185547 417.783905029297 417.783905029297 418.956481933594 418.306518554688 417.311553955078 411.717071533203 401.231170654297 390.846221923828 383.422119140625 380.917114257813 381.768646240234
355.286437988281 357.036804199219 359.150756835938 360.618835449219 363.371856689453 366.477386474609 367.524536132813 363.944732666016 358.87939453125 352.2763671875 348.477386474609 346.117797851563 346.447235107422 352.531311035156 365.388549804688 380.92919921875 394.344207763672 400.024688720703 401.033447265625 399.673370361328 401.930419921875 407.746551513672 414.110412597656 416.413208007813 414.434173583984 410.168731689453 406.700378417969 405.201019287109 405.369079589844 407.200286865234 407.763824462891 409.008453369141 410.226135253906 411.419555664063 412.567840576172 413.737030029297 414.180908203125 414.236968994141 412.178741455078 410.05517578125 403.693481445313 393.085418701172 382.944732666016 375.954772949219 373.678192138672 375.344451904297
345.718597412109 347.427124023438 347.733673095703 348.770477294922 351.003509521484 352.739044189453 353.170867919922 350.725494384766 347.233367919922 343.152984619141 340.653259277344 338.847717285156 339.201019287109 345.105529785156 357.447235107422 374.189880371094 387.391967773438 393.653259277344 393.934661865234 392.155792236328 393.549224853516 396.814270019531 400.993896484375 403.3603515625 403.867309570313 404.374267578125 404.162628173828 403.87060546875 402.701629638672 402.487396240234 402.296478271484 402.194671630859 403.080413818359 404.299072265625 406.2763671875 409.351745605469 410.399017333984 409.376739501953 405.596405029297 400.169403076172 393.005035400391 383.23388671875 374.331665039063 369.058288574219 369.157928466797 372.879943847656
335.251251220703 336.722839355469 336.924621582031 336.987487792969 337.778076171875 338.2412109375 338.2412109375 337.649078369141 336.165832519531 334.869384765625 333.447235107422 332.246246337891 332.854278564453 337.899505615234 350.031707763672 365.864318847656 378.643218994141 384.904510498047 386.120788574219 384.843292236328 384.945465087891 385.736053466797 387.128723144531 389.666931152344 394.307098388672 399.197937011719 402.903167724609 403.052917480469 400.796966552734 398.673370361328 396.959411621094 395.909545898438 396.241851806641 397.499786376953 399.929656982422 403.185333251953 404.771118164063 403.090454101563 397.482421875 390.163055419922 382.377990722656 373.39697265625 365.042999267578 362.085418701172 364.189880371094 369.859283447266
326.728637695313 327.743713378906 327.258270263672 327.201019287109 327.201019287109 327.201019287109 327.201019287109 327.201019287109 327.155059814453 326.743713378906 326.2412109375 325.040191650391 325.648254394531 330.093475341797 341.336669921875 355.705383300781 367.565216064453 374.161956787109 376.658294677734 376.684906005859 376.743713378906 375.969207763672 375.658294677734 378.361633300781 386.131622314453 394.997985839844 401.721649169922 403.499084472656 401.180908203125 397.724945068359 394.954772949219 392.883666992188 391.955474853516 391.886596679688 392.911804199219 395.211212158203 396.115570068359 393.751739501953 387.874359130859 380.696685791016 373.258666992188 364.729827880859 357.135681152344 354.336669921875 356.701690673828 362.592620849609
319.522613525391 320.537689208984 319.643218994141 319.537689208984 319.537689208984 319.537689208984 319.537689208984 319.537689208984 319.537689208984 319.537689208984 319.408905029297 318.054656982422 318.442199707031 322.224945068359 331.272705078125 343.390808105469 354.270660400391 361.366821289063 365.809478759766 368.337249755859 369.537689208984 368.110565185547 366.857513427734 370.346740722656 379.776702880859 391.812072753906 401.174377441406 405.287445068359 403.869354248047 400.266326904297 396.797241210938 393.502044677734 390.443786621094 387.581970214844 386.122192382813 385.144378662109 383.47900390625 380.977813720703 376.973236083984 371.638610839844 365.461486816406 357.402008056641 349.929656982422 345.828735351563 346.896179199219 350.451477050781
312.316589355469 313.331665039063 312.437194824219 312.331665039063 312.331665039063 311.861663818359 311.386932373047 312.236724853516 312.331665039063 312.331665039063 311.85693359375 310.64453125 310.381652832031 314.020111083984 321.58349609375 330.64111328125 340.315551757813 348.0703125 353.988861083984 358.709289550781 361.386932373047 360.633911132813 360.281097412109 364.194610595703 375.002593994141 389.319671630859 400.764312744141 406.627563476563 406.527648925781 403.228454589844 399.772613525391 394.351348876953 389.352630615234 383.558532714844 378.079284667969 373.445251464844 369.46240234375 366.804016113281 365.277008056641 362.742218017578 358.135681152344 350.195983886719 342.7236328125 338.075286865234 336.479431152344 337.657867431641
302.236175537109 303.251251220703 302.356781005859 302.251251220703 302.294464111328 302.39697265625 302.39697265625 302.39697265625 302.251251220703 302.295196533203 302.47021484375 301.941711425781 302.724792480469 305.522918701172 312.226684570313 320.025115966797 327.836456298828 336.068450927734 342.095489501953 348.100494384766 352.204681396484 353.042144775391 354.306762695313 359.748748779297 371.507537841797 385.919586181641 398.071166992188 404.2412109375 405.339172363281 403.018463134766 398.873596191406 391.864471435547 384.308410644531 375.934661865234 369.055267333984 363.050262451172 357.151397705078 354.76904296875 353.412048339844 352.162719726563 348.811279296875 341.513946533203 335.151275634766 329.893829345703 328.515228271484 329.940643310547
287.477386474609 288.492462158203 287.597991943359 287.492462158203 287.788940429688 288.492462158203 288.492462158203 288.492462158203 287.492462158203 287.793975830078 289.169219970703 290.570983886719 293.002075195313 297.206024169922 304.518341064453 311.964813232422 319.170867919922 325.746154785156 330.355499267578 335.635681152344 340.910064697266 345.048797607422 349.931762695313 358.040191650391 369.579467773438 383.158660888672 394.112640380859 399.944732666016 401.145721435547 399.190002441406 393.602722167969 384.282104492188 373.841217041016 364.432159423828 357.666015625 352.260375976563 347.564208984375 344.391235351563 341.658142089844 339.407623291016 335.708557128906 329.945953369141 325.118041992188 323.060729980469 324.9833984375 329.710052490234
