data/asc/int.asc
ncols         200
nrows         200
xllcorner     692310.125
yllcorner     5960789.5
cellsize      30.006875
[rows 99 to 131 of 200, columns 73 to 145 of 200]
0 0 0 0 0 160.752105712891 176.54931640625 99.7484893798828 92.2510986328125 83.2372589111328 76.1573867797852 125.991638183594 285.760925292969 276.838775634766 273.155029296875 92.9149856567383 472.494140625 146.301727294922 151.328536987305 157.779891967773 163.406875610352 164.646255493164 453.794952392578 460.035339355469 218.717788696289 218.065246582031 188.43603515625 191.151229858398 193.374465942383 195.189331054688 190.037307739258 185.229965209961 172.570816040039 253.70703125 258.381866455078 250.451736450195 221.054153442383 201.135009765625 191.372543334961 179.937530517578 173.499618530273 230.409774780273 227.890213012695 230.363708496094 230.27165222168 223.247802734375 207.437927246094 196.968017578125 200.76628112793 197.489105224609 195.766174316406 198.128479003906 168.965621948242 366.974853515625 390.150085449219 378.723266601563 419.261627197266 374.512847900391 366.070068359375 423.405303955078 426.053741455078 439.341491699219 217.719284057617 160.882217407227 161.457855224609 163.972869873047 167.766189575195 176.641036987305 181.477081298828 199.242538452148 0 0 0
0 0 0 0 0 160.752105712891 165.761199951172 100.942405700684 271.405639648438 83.0082778930664 71.9560775756836 73.495491027832 80.0741119384766 150.370101928711 159.064498901367 159.093826293945 466.648529052734 150.327590942383 472.903961181641 468.670104980469 466.567565917969 462.423614501953 159.064498901367 464.586364746094 466.619537353516 230.44450378418 188.008972167969 193.374465942383 193.374465942383 187.76237487793 184.60124206543 178.549392700195 233.034133911133 241.316909790039 247.398300170898 244.47883605957 226.750595092773 211.299926757813 213.682998657227 218.219985961914 225.382186889648 230.363708496094 227.890213012695 227.890213012695 227.890213012695 223.067855834961 208.46369934082 197.484268188477 197.530624389648 192.756637573242 188.221130371094 191.727584838867 172.665466308594 163.48176574707 168.308639526367 173.630981445313 423.330596923828 372.974884033203 356.289764404297 419.593811035156 436.630126953125 449.785461425781 211.728988647461 218.415115356445 213.869247436523 206.880187988281 202.432159423828 194.155319213867 194.349884033203 198.216369628906 0 0 0
0 0 0 0 0 160.752105712891 165.613189697266 100.942405700684 93.8600921630859 132.341430664063 119.71117401123 73.5073699951172 81.0170516967773 88.6137542724609 156.800354003906 159.064498901367 155.663116455078 152.396606445313 152.396606445313 156.702041625977 158.95654296875 158.95654296875 159.004638671875 154.59228515625 154.59228515625 0 232.344024658203 222.823501586914 222.924240112305 223.000549316406 223.114181518555 224.469802856445 233.046203613281 235.72038269043 238.580261230469 235.942092895508 226.046325683594 220.376327514648 207.002883911133 209.254516601563 213.869247436523 203.115814208984 215.346633911133 227.890213012695 227.890213012695 222.972930908203 209.377258300781 199.373229980469 195.879730224609 189.736892700195 185.517715454102 187.377471923828 173.615951538086 176.3740234375 179.162933349609 162.438690185547 184.939453125 179.1669921875 196.145812988281 378.756530761719 459.080657958984 468.487915039063 219.345581054688 218.415115356445 213.869247436523 209.512466430664 198.363540649414 190.721145629883 192.441192626953 183.297271728516 0 0 0
0 0 0 0 0 158.729507446289 103.229530334473 100.942405700684 93.9659194946289 135.901443481445 123.464317321777 119.079696655273 81.9955596923828 82.9115371704102 85.7027816772461 145.392135620117 155.52067565918 154.492401123047 154.505615234375 156.702041625977 156.655838012695 142.199310302734 140.646484375 152.45246887207 143.770889282227 168.793640136719 198.811904907227 197.098831176758 225.378295898438 225.386489868164 227.890213012695 205.918334960938 206.93586730957 200.943450927734 202.892349243164 233.18034362793 226.724029541016 225.386489868164 213.869247436523 213.869247436523 213.869247436523 213.869247436523 206.93586730957 206.93586730957 206.93586730957 203.205764770508 209.416442871094 199.353790283203 195.972930908203 189.532653808594 184.259033203125 187.001220703125 188.731979370117 200.515686035156 203.616333007813 203.616333007813 206.911773681641 201.989471435547 166.384353637695 197.398971557617 194.442352294922 230.925903320313 223.971130371094 221.399108886719 213.869247436523 206.824935913086 198.363540649414 188.249114990234 192.356109619141 0 0 0 0
0 0 0 0 0 156.57893371582 102.100540161133 100.942405700684 151.7353515625 139.62060546875 127.848388671875 125.134582519531 129.146255493164 91.0939407348633 83.7858200073242 83.7858200073242 92.9464340209961 154.473587036133 152.275085449219 156.655838012695 139.116012573242 156.480194091797 154.505615234375 134.842880249023 139.17936706543 168.847854614258 173.586013793945 193.374465942383 193.374465942383 230.459915161133 230.459915161133 197.098831176758 195.277404785156 195.277404785156 197.102615356445 195.225341796875 227.890213012695 227.890213012695 216.280853271484 216.280853271484 213.869247436523 213.869247436523 227.890213012695 197.098831176758 197.098831176758 193.374465942383 210.173568725586 201.162033081055 199.241134643555 194.188781738281 186.784713745117 188.987091064453 190.958831787109 228.045944213867 231.604248046875 231.63330078125 231.63330078125 231.63330078125 227.928802490234 224.388488769531 217.559204101563 213.979019165039 199.50422668457 210.433731079102 216.10417175293 209.512466430664 198.363540649414 186.18830871582 185.525970458984 0 0 0 0
0 0 0 0 0 97.8713836669922 100.298637390137 101.612274169922 157.612884521484 151.309600830078 142.740447998047 141.061721801758 148.25129699707 142.882049560547 86.9296951293945 95.5038452148438 92.8116760253906 153.227996826172 137.700180053711 156.460739135742 159.94206237793 139.119064331055 136.799362182617 134.06803894043 133.485931396484 167.64453125 169.915725708008 191.699066162109 190.59797668457 195.995544433594 190.660110473633 191.557403564453 191.557403564453 195.998184204102 194.296127319336 195.225341796875 227.890213012695 227.890213012695 181.477081298828 213.869247436523 215.023086547852 213.439392089844 213.869247436523 192.460357666016 196.313766479492 188.022521972656 213.83283996582 204.994110107422 204.968185424805 203.219711303711 198.548690795898 200.822570800781 198.718063354492 208.679168701172 239.201568603516 241.120513916016 237.28450012207 238.237289428711 239.194717407227 237.407165527344 230.300903320313 216.017578125 202.411712646484 208.240661621094 203.708786010742 198.232986450195 198.355010986328 187.29606628418 0 0 0 0 0
0 0 0 0 437.279479980469 96.5190277099609 254.007751464844 99.7520446777344 158.731842041016 158.731842041016 156.07536315918 157.383911132813 158.386413574219 160.752105712891 160.752105712891 156.091705322266 90.8142623901367 87.6195831298828 85.792839050293 86.6263198852539 88.6121063232422 87.2337188720703 100.942405700684 99.4860916137695 99.6698532104492 98.0328979492188 163.807327270508 186.251708984375 186.251708984375 188.013412475586 191.597793579102 228.909286499023 227.890213012695 193.374465942383 195.225341796875 195.225341796875 193.374465942383 227.890213012695 181.477081298828 213.869247436523 216.334030151367 213.869247436523 213.869247436523 211.46110534668 191.553771972656 189.763275146484 186.189086914063 211.293380737305 211.294387817383 213.413101196289 211.515655517578 198.303985595703 206.642913818359 212.848541259766 214.783828735352 206.880508422852 206.880508422852 211.945693969727 217.139007568359 217.139007568359 213.662292480469 210.264099121094 198.767532348633 190.913589477539 198.094360351563 192.314605712891 198.216369628906 187.128280639648 0 0 0 0 0
0 0 0 0 161.572799682617 96.5144500732422 97.2748641967773 168.769989013672 166.240966796875 173.211166381836 162.554336547852 163.643920898438 168.400985717773 168.17333984375 168.400985717773 164.666366577148 155.361328125 112.620544433594 91.764762878418 91.7818832397461 91.7418594360352 107.568580627441 105.792465209961 102.569206237793 168.819549560547 163.940689086914 159.361145019531 171.593887329102 171.593887329102 174.941390991211 176.583572387695 181.133895874023 195.225341796875 193.374465942383 195.225341796875 195.225341796875 194.677490234375 227.890213012695 213.869247436523 213.869247436523 216.334030151367 213.869247436523 213.869247436523 211.46110534668 211.46110534668 189.763275146484 190.693801879883 191.65168762207 193.374465942383 195.51155090332 197.314636230469 187.178344726563 206.981948852539 196.250762939453 198.094360351563 184.921829223633 187.924957275391 192.494674682617 203.641418457031 203.616333007813 206.880508422852 203.574279785156 198.785263061523 187.923782348633 192.314605712891 181.477081298828 173.354064941406 168.147430419922 0 0 0 0 0
0 0 0 0 155.698226928711 166.24006652832 96.5277709960938 163.781143188477 163.930572509766 166.3408203125 163.97428894043 165.167129516602 179.814514160156 172.516952514648 174.617202758789 172.516952514648 194.184677124023 161.390853881836 161.409118652344 159.5107421875 94.0003662109375 109.028305053711 156.849258422852 150.610214233398 168.769165039063 163.83479309082 156.477569580078 168.48974609375 145.145492553711 147.197814941406 176.555847167969 184.593215942383 193.438507080078 193.374465942383 195.225341796875 193.438507080078 189.767364501953 193.438507080078 216.334030151367 213.869247436523 216.334030151367 213.869247436523 213.869247436523 211.46110534668 211.463500976563 211.46110534668 193.374465942383 193.374465942383 193.374465942383 195.51155090332 195.51155090332 180.846893310547 206.960006713867 190.532089233398 190.426742553711 194.127075195313 176.402328491211 182.29899597168 190.917831420898 194.045104980469 197.131088256836 197.152603149414 197.507522583008 190.705673217773 181.477081298828 173.231781005859 0 0 0 0 0 0 0
0 0 0 0 0 166.219161987305 95.8055114746094 161.428771972656 153.868621826172 159.075942993164 159.230819702148 167.080718994141 175.322052001953 179.814514160156 181.61897277832 181.61897277832 176.617004394531 169.016952514648 167.300231933594 163.776916503906 161.536636352539 156.854431152344 153.956024169922 179.370208740234 171.290802001953 153.892974853516 176.591552734375 170.061096191406 171.668579101563 149.3115234375 179.860992431641 154.08251953125 193.502563476563 193.438507080078 193.374465942383 191.557403564453 194.677490234375 183.214096069336 183.214096069336 213.869247436523 216.334030151367 213.869247436523 213.869247436523 213.869247436523 211.463500976563 211.46110534668 210.281829833984 195.334915161133 195.420959472656 195.416244506836 193.374465942383 181.158843994141 209.28044128418 209.28044128418 213.869247436523 192.261154174805 173.693817138672 177.915344238281 182.024887084961 184.993316650391 187.924957275391 190.913589477539 195.862319946289 0 0 0 0 0 0 0 0 0 0
0 0 0 0 0 167.498474121094 160.56037902832 156.578155517578 156.766983032227 156.904342651367 157.468948364258 157.468948364258 158.999847412109 163.273803710938 167.005325317383 165.475967407227 167.941253662109 166.367721557617 169.420043945313 161.401580810547 154.738800048828 155.109970092773 153.048324584961 143.211227416992 158.234115600586 140.27214050293 159.43635559082 176.445877075195 179.485305786133 181.974197387695 185.345504760742 152.535079956055 162.630157470703 192.065093994141 190.784652709961 192.434356689453 227.37858581543 183.214096069336 216.334030151367 181.477081298828 216.334030151367 182.342041015625 181.477081298828 213.869247436523 211.46110534668 179.768417358398 213.311157226563 225.459594726563 193.374465942383 193.179870605469 189.73583984375 181.477081298828 206.953491210938 210.269058227539 213.869247436523 195.264419555664 0 0 0 0 0 0 0 0 0 0 0 0 0 0 0 0 0
0 0 0 0 0 161.536636352539 159.343673706055 154.611724853516 159.230819702148 159.606018066406 157.468948364258 157.468948364258 153.857757568359 153.857757568359 157.468948364258 159.371871948242 158.69841003418 161.193313598633 159.371871948242 159.371871948242 146.118881225586 141.924255371094 158.391998291016 156.017684936523 156.017684936523 156.017684936523 154.752777099609 179.771820068359 181.537185668945 183.265106201172 183.265106201172 151.706283569336 159.207611083984 190.025894165039 195.422119140625 195.279693603516 183.982482910156 184.975875854492 216.334030151367 213.869247436523 183.214096069336 182.342041015625 181.477081298828 213.869247436523 211.46110534668 211.46110534668 213.869247436523 213.869247436523 191.553771972656 191.595657348633 179.815307617188 182.169128417969 211.580871582031 211.503524780273 213.869247436523 0 0 0 0 0 0 0 0 0 0 0 0 0 0 0 0 0 0
0 0 0 0 0 157.468948364258 157.00617980957 154.032196044922 157.468948364258 159.5107421875 157.468948364258 157.468948364258 155.64826965332 153.857757568359 153.857757568359 157.468948364258 158.69841003418 149.566513061523 151.27587890625 146.071990966797 160.752105712891 156.079620361328 149.325378417969 139.536361694336 147.197814941406 149.325378417969 150.34342956543 153.732574462891 179.809707641602 181.597305297852 181.597305297852 178.328674316406 156.872940063477 179.860992431641 151.59423828125 185.083114624023 187.086410522461 183.210601806641 181.477081298828 213.869247436523 216.334030151367 182.342041015625 181.477081298828 213.869247436523 211.46110534668 211.46110534668 213.869247436523 213.869247436523 213.869247436523 181.477081298828 179.815307617188 185.695083618164 188.640335083008 190.426742553711 192.301330566406 0 0 0 0 0 0 0 0 0 0 0 0 0 0 0 0 0 0
0 0 0 0 0 0 152.484176635742 150.610214233398 153.868621826172 157.468948364258 157.468948364258 159.169876098633 155.64826965332 153.857757568359 153.857757568359 152.116989135742 146.071990966797 146.071990966797 149.517654418945 149.517654418945 156.017684936523 148.090805053711 141.176055908203 139.257659912109 139.266967773438 139.30256652832 141.251281738281 145.115219116211 178.169296264648 179.81657409668 176.583572387695 173.17366027832 147.221328735352 179.833633422852 153.754852294922 156.099426269531 186.773071289063 181.477081298828 181.477081298828 181.477081298828 183.214096069336 182.342041015625 181.477081298828 181.477081298828 179.768417358398 211.46110534668 213.869247436523 181.477081298828 181.477081298828 181.477081298828 181.477081298828 183.262954711914 185.026870727539 188.58039855957 0 0 0 0 0 0 0 0 0 0 0 0 0 0 0 0 0 0 0
0 0 0 0 0 0 149.740585327148 148.683090209961 152.141250610352 155.698226928711 159.371871948242 159.316101074219 155.64826965332 153.857757568359 153.861846923828 144.395477294922 142.735214233398 144.395477294922 146.075378417969 158.388229370117 153.731689453125 140.264465332031 133.923934936523 132.268798828125 130.631591796875 130.631591796875 132.23942565918 137.500640869141 143.270767211914 174.951110839844 171.668579101563 171.057418823242 145.195999145508 149.427261352539 192.493896484375 158.381927490234 162.906127929688 183.210601806641 181.477081298828 181.477081298828 183.214096069336 183.073364257813 181.477081298828 181.477081298828 179.768417358398 211.46110534668 213.869247436523 181.477081298828 181.477081298828 181.477081298828 181.477081298828 182.630920410156 186.746353149414 0 0 0 0 0 0 0 0 0 0 0 0 0 0 0 0 0 0 0 0
0 0 0 0 0 0 0 143.818206787109 146.973587036133 150.2236328125 153.471755981445 157.468948364258 157.468948364258 153.861846923828 153.861846923828 144.001083374023 142.943161010742 140.89469909668 153.781326293945 148.021240234375 145.368667602539 136.160064697266 129.113372802734 128.322448730469 127.569076538086 128.385971069336 132.385604858398 138.363174438477 142.988525390625 179.257202148438 173.328796386719 191.693908691406 148.449035644531 152.664520263672 156.380020141602 158.639694213867 162.70719909668 180.381790161133 179.768417358398 181.477081298828 181.477081298828 182.990921020508 181.477081298828 213.869247436523 180.619232177734 212.774826049805 213.869247436523 213.869247436523 213.869247436523 214.975204467773 212.16227722168 181.081436157227 0 0 0 0 0 0 0 0 0 0 0 0 0 0 0 0 0 0 0 0 0
0 0 0 0 0 0 0 140.646484375 143.810791015625 147.009002685547 0 0 0 0 144.398300170898 146.075378417969 144.46159362793 141.128784179688 142.859405517578 146.435440063477 139.335708618164 134.374328613281 132.373001098633 133.923934936523 135.643051147461 139.278533935547 142.737945556641 151.663055419922 153.809768676758 188.70491027832 181.537185668945 159.045150756836 192.323989868164 160.752105712891 160.752105712891 202.142059326172 160.752105712891 179.768417358398 160.752105712891 181.477081298828 181.477081298828 183.214096069336 181.477081298828 181.477081298828 181.477081298828 183.210601806641 183.210601806641 183.210601806641 183.210601806641 183.210601806641 181.477081298828 0 0 0 0 0 0 0 0 0 0 0 0 0 0 0 0 0 0 0 0 0 0
0 0 0 0 0 0 0 0 0 0 0 0 0 141.096130371094 144.395477294922 146.071990966797 159.02082824707 142.859405517578 143.117248535156 144.809555053711 135.898101806641 132.373672485352 134.049957275391 135.643051147461 141.207504272461 147.387313842773 153.751770019531 160.752105712891 166.025314331055 165.754577636719 170.986099243164 171.013702392578 200.130874633789 208.586761474609 208.568923950195 204.478088378906 159.984130859375 179.768417358398 179.768417358398 181.477081298828 181.477081298828 183.214096069336 181.477081298828 181.477081298828 184.975875854492 216.331527709961 183.210601806641 183.210601806641 183.210601806641 183.210601806641 179.807723999023 0 0 0 0 0 0 0 0 0 0 0 0 0 0 0 0 0 0 0 0 0 0
0 0 0 0 0 0 0 0 0 0 0 0 0 136.425064086914 139.545043945313 144.395477294922 157.18830871582 148.141738891602 146.258117675781 146.407089233398 134.254776000977 133.916900634766 135.70198059082 139.30256652832 147.318557739258 153.854217529297 161.864761352539 168.592849731445 168.318817138672 171.1083984375 176.445266723633 176.431716918945 176.564437866211 210.574142456055 208.586761474609 163.521514892578 187.614654541016 158.388229370117 179.768417358398 181.477081298828 181.477081298828 184.975875854492 183.210601806641 184.975875854492 186.746353149414 183.210601806641 183.210601806641 183.210601806641 183.210601806641 183.210601806641 0 0 0 0 0 0 0 0 0 0 0 0 0 0 0 0 0 0 0 0 0 0 0
0 0 0 0 0 0 0 0 0 0 0 0 130.516372680664 145.186569213867 131.973251342773 139.523086547852 148.526641845703 155.388580322266 151.459838867188 151.456146240234 135.871368408203 137.315841674805 141.183792114258 145.186569213867 151.772399902344 156.218124389648 165.171112060547 168.592849731445 165.884963989258 168.451889038086 170.940551757813 173.698211669922 173.629028320313 173.632888793945 202.214721679688 196.341491699219 158.788131713867 179.771820068359 160.752105712891 181.477081298828 183.214096069336 163.396835327148 183.210601806641 184.975875854492 184.975875854492 183.210601806641 183.210601806641 183.210601806641 183.210601806641 0 0 0 0 0 0 0 0 0 0 0 0 0 0 0 0 0 0 0 0 0 0 0 0
0 0 0 0 0 0 0 0 0 0 0 0 0 118.900787353516 119.492553710938 124.444496154785 172.13655090332 157.082489013672 162.412078857422 153.292617797852 154.178619384766 152.977920532227 152.587173461914 153.986618041992 156.022277832031 159.524932861328 161.424621582031 158.724014282227 160.196762084961 157.104614257813 157.59342956543 163.728393554688 165.595581054688 197.359313964844 196.290374755859 191.474060058594 186.773071289063 160.752105712891 181.477081298828 181.477081298828 183.214096069336 160.752105712891 181.477081298828 183.214096069336 183.214096069336 181.477081298828 181.477081298828 181.477081298828 181.477081298828 0 0 0 0 0 0 0 0 0 0 0 0 0 0 0 0 0 0 0 0 0 0 0 0
0 0 0 0 0 0 0 0 0 0 0 0 0 0 111.56657409668 116.74089050293 193.27766418457 149.786987304688 158.797454833984 168.44563293457 163.774978637695 162.231094360352 160.752105712891 160.752105712891 163.774978637695 160.752105712891 158.911193847656 156.355255126953 151.663055419922 153.854217529297 153.834915161133 154.980712890625 190.445358276367 196.341491699219 194.230941772461 192.413497924805 187.603225708008 181.477081298828 160.752105712891 181.477081298828 183.214096069336 160.752105712891 181.477081298828 183.214096069336 181.537185668945 179.771820068359 179.771820068359 181.477081298828 0 0 0 0 0 0 0 0 0 0 0 0 0 0 0 0 0 0 0 0 0 0 0 0 0
0 0 0 0 0 0 0 0 0 0 0 0 0 0 0 0 125.661338806152 138.154403686523 148.141738891602 158.797454833984 156.387222290039 159.292495727539 163.211929321289 163.521514892578 163.557388305664 160.752105712891 159.608993530273 158.393829345703 200.34684753418 156.118682861328 156.099426269531 159.406478881836 163.48176574707 163.48176574707 194.230941772461 163.35710144043 185.712341308594 181.477081298828 181.477081298828 181.477081298828 183.214096069336 184.093215942383 181.477081298828 181.477081298828 179.771820068359 179.771820068359 180.382690429688 0 0 0 0 0 0 0 0 0 0 0 0 0 0 0 0 0 0 0 0 0 0 0 0 0 0
0 0 0 0 0 0 0 0 0 0 0 0 0 0 0 0 0 0 0 139.923233032227 141.239730834961 150.841339111328 158.388229370117 160.752105712891 160.752105712891 160.752105712891 160.752105712891 160.752105712891 163.602844238281 163.475357055664 163.48176574707 167.137344360352 168.431793212891 196.239273071289 198.136596679688 194.319808959961 184.979431152344 181.477081298828 181.477081298828 181.477081298828 183.214096069336 184.093215942383 181.477081298828 181.477081298828 181.477081298828 0 0 0 0 0 0 0 0 0 0 0 0 0 0 0 0 0 0 0 0 0 0 0 0 0 0 0 0
0 0 0 0 0 0 0 0 0 0 0 0 0 0 0 0 0 0 0 0 0 0 139.545043945313 160.752105712891 160.752105712891 125.150459289551 162.490005493164 163.338272094727 168.318817138672 173.843276977539 173.786560058594 175.15168762207 173.686706542969 173.686706542969 200.130874633789 192.347854614258 184.909790039063 181.477081298828 181.477081298828 181.477081298828 183.214096069336 0 0 0 0 0 0 0 0 0 0 0 0 0 0 0 0 0 0 0 0 0 0 0 0 0 0 0 0 0 0 0 0
0 0 0 0 0 0 0 0 0 0 0 0 0 0 0 0 0 0 0 0 0 0 0 0 130.566757202148 127.329483032227 165.573272705078 169.913803100586 174.465438842773 175.267242431641 178.058532714844 178.741485595703 174.994445800781 109.223419189453 120.385162353516 117.895561218262 114.474494934082 181.477081298828 0 0 0 0 0 0 0 0 0 0 0 0 0 0 0 0 0 0 0 0 0 0 0 0 0 0 0 0 0 0 0 0 0 0 0
0 0 0 0 0 0 0 0 0 0 0 0 0 0 0 0 0 0 0 0 0 0 0 0 0 138.110412597656 178.195938110352 174.047332763672 171.667053222656 171.264007568359 168.545974731445 168.578765869141 121.961692810059 0 0 0 0 0 0 0 0 0 0 0 0 0 0 0 0 0 0 0 0 0 0 0 0 0 0 0 0 0 0 0 0 0 0 0 0 0 0 0 0
0 0 0 0 0 0 0 0 0 0 0 0 0 0 0 0 0 0 0 0 0 0 0 0 0 0 0 0 0 0 0 0 0 0 0 0 0 0 0 0 0 0 0 0 0 0 0 0 0 0 0 0 0 0 0 0 0 0 0 0 0 0 0 0 0 0 0 0 0 0 0 0 0
0 0 0 0 0 0 0 0 0 0 0 0 0 0 0 0 0 0 0 0 0 0 0 0 0 0 0 0 0 0 0 0 0 0 0 0 0 0 0 0 0 0 0 0 0 0 0 0 0 0 0 0 0 0 0 0 0 0 0 0 0 0 0 0 0 0 0 0 0 0 0 0 0
0 0 0 0 0 0 0 0 0 0 0 0 0 0 0 0 0 0 0 0 0 0 0 0 0 0 0 0 0 0 0 0 0 0 0 0 0 0 0 0 0 0 0 0 0 0 0 0 0 0 0 0 0 0 0 0 0 0 0 0 0 0 0 0 0 0 0 0 0 0 0 0 0
0 0 0 0 0 0 0 0 0 0 0 0 0 0 0 0 0 0 0 0 0 0 0 0 0 0 0 0 0 0 0 0 0 0 0 0 0 0 0 0 0 0 0 0 0 0 0 0 0 0 0 0 0 0 0 0 0 0 0 0 0 0 0 0 0 0 0 0 0 0 0 0 0
0 0 0 0 0 0 0 0 0 0 0 0 0 0 0 0 0 0 0 0 0 0 0 0 0 0 0 0 0 0 0 0 0 0 0 0 0 0 0 0 0 0 0 0 0 0 0 0 0 0 0 0 0 0 0 0 0 0 0 0 0 0 0 0 0 0 0 0 0 0 0 0 0
0 0 0 0 0 0 0 0 0 0 0 0 0 0 0 0 0 0 0 0 0 0 0 0 0 0 0 0 0 0 0 0 0 0 0 0 0 0 0 0 0 0 0 0 0 0 0 0 0 0 0 0 0 0 0 0 0 0 0 0 0 0 0 0 0 0 0 0 0 0 0 0 0
